181
318
366
1016
1464
1570
1635
1875
2002
2142
2214
2270
3063
3134
3231
3515
3577
3698
3781
3913
4109
4199
4404
4465
4542
4719
4868
5028
5318
5500
5983
6310
7310
7522
7639
8570
8881
9012
9196
9274
9619
9820
9869
10101
10177
10300
10561
10798
10879
10938
10998
11060
11153
11339
11522
11602
11881
12043
12094
12334
12405
12588
12724
12870
12924
12999
13089
13318
13617
13720
13841
13982
14132
14292
14419
14802
14931
14970
15255
15367
15588
15671
15721
15808
15893
16051
16160
16212
16388
16757
16975
17056
17098
17151
17254
17397
17574
17664
17753
17782
17869
17912
17988
18041
18331
18386
18437
18564
18693
18733
19109
19221
19426
19559
20239
20290
20314
20598
20671
20729
21056
21240
21282
21371
21454
22454
22528
22647
22701
22882
23040
23380
23477
23885
24010
24072
24134
24806
24869
25209
25718
25821
26023
26069
26229
26263
26524
27053
27229
27377
27423
27448
27990
28131
28620
28686
29660
29715
29870
29905
30036
30081
30281
30621
31420
31517
31587
32281
32367
32415
32661
33014
33191
33513
33681
34068
34147
34790
35210
35319
35363
35400
35920
36038
36170
36317
36510
36674
36736
37130
37504
37670
37706
37756
38168
38355
39099
39177
39301
39549
39700
39889
40023
40519
41300
41457
41584
41636
41740
41828
42087
42450
42833
42890
43331
43429
43757
43872
44835
44930
45069
45500
45717
45817
46219
46762
46825
47047
47115
47170
47370
48074
48121
48223
48266
48370
48731
48830
49288
49393
49681
50152
50398
50479
50773
51773
52530
53437
53642
53809
53950
54033
54137
54305
54485
54783
54910
54984
55404
55722
56118
56213
56546
56670
56700
57700
57772
57886
58495
58624
59260
59591
59814
59998
60676
61552
61988
62161
63161
63234
63351
63446
64410
64444
64719
65052
65133
65591
65653
65686
65895
66576
67176
67410
67825
68010
68220
68612
68929
69373
69565
69626
69844
70027
70961
71896
72044
72396
73396
73522
73613
73751
73834
74147
74503
75046
75383
75620
75664
75864
76206
76257
76414
76544
76861
76926
77002
77087
77478
77611
77688
77927
78189
78603
78831
78939
79534
79610
79761
80263
80842
80881
81446
81510
82102
82424
82585
82676
83451
83849
83894
84222
84510
85038
85630
85755
85935
86022
86159
86798
86974
87053
87120
87503
87646
87699
87836
87877
87992
88056
88718
88913
88981
89078
89294
89725
89990
90137
90336
90497
90611
91174
91245
91450
91532
91664
92402
92507
92798
93675
93823
93908
94197
94309
94387
94803
95749
95917
96058
96744
97338
97541
97777
97877
98049
98767
98888
98933
99178
99268
99304
99377
99866
100067
100238
100844
100942
101027
101061
101626
101920
102920
102965
103539
103725
103924
104011
104162
104214
104354
104628
104762
105579
105739
106026
106493
106968
107030
107097
107279
107345
107745
108269
108621
108792
108835
108894
109894
110249
110319
111081
111524
111633
111838
112137
112708
113062
113286
113354
113447
113852
114389
114541
114782
115147
115606
115651
116457
116852
116935
116992
117194
117345
117450
117840
118723
118825
119006
119986
120074
120722
120851
121851
122052
122248
122372
122465
123456
123775
124136
124234
124534
124591
124633
124710
124747
125157
125259
125289
125403
126403
126458
127076
127158
127270
127365
127593
127641
127665
127977
128034
128164
128407
128479
128667
129202
129485
129637
129993
130101
130260
130292
130326
130493
130896
130995
131383
131762
131878
131921
132484
132579
132672
132729
132759
133411
134107
134160
134317
134482
134536
134731
134812
134841
135260
135532
135859
136232
136329
136377
137015
137313
137877
138207
138260
138647
139476
140476
140617
140724
140843
141155
141195
142195
142227
143227
143295
143404
144086
144143
144293
144620
144854
144991
145353
145569
146131
146496
146932
147411
147570
147748
148238
148347
148479
148865
148963
149154
150081
150172
150640
150935
150972
151175
151297
151537
151674
151958
152179
152242
152744
152779
152876
152916
152964
153163
153203
153427
153709
153778
154196
155024
155574
155676
156388
156452
157452
157846
158846
158924
159053
159409
159548
159906
160643
160759
160786
160967
161013
161653
161865
162156
162589
162968
163365
163528
163602
163737
164137
164804
164987
165097
165339
166339
166439
166601
166938
167014
168014
168254
168545
168744
169044
169136
169397
169552
169617
169667
169727
169987
170046
170693
170875
171245
171372
171481
171555
171740
172054
172207
172459
172990
173175
173403
173705
173961
174061
174104
174644
174674
175243
175280
175532
175812
175879
176058
176421
176554
177182
177381
177703
178188
178343
178694
179694
180059
180854
181068
181681
181762
182010
182249
182582
182969
183581
183768
184267
184531
184848
185236
185485
185730
185792
186565
186862
187759
188456
188737
188860
189610
189749
189941
190841
190906
190993
191047
191262
191431
191507
191849
192094
192890
193646
193886
193937
194937
195210
195655
196053
196120
196418
196786
196866
196903
197168
197445
197594
197719
198043
198403
198781
198861
199340
199764
199834
200089
200473
200549
200850
200916
200999
201171
201280
201728
202684
202867
202946
203135
203494
204058
204316
205070
205187
205504
205807
205980
206035
207035
207217
207277
207493
208044
208330
208638
208841
209224
209575
209806
210203
210833
211164
211424
211988
212386
212823
212934
213103
213461
213539
213823
214761
215586
215850
215927
216046
216093
216202
216883
216936
216986
217312
217471
217803
218557
218870
219870
220037
220968
221060
221888
222445
222729
223056
223244
224083
224461
224760
225205
225586
226159
226476
226722
227075
227183
227253
227362
227505
227694
227744
227827
228570
228676
228941
229260
229329
229814
230103
230481
231232
231293
232293
232803
232858
233858
234392
234502
234854
235356
235737
235951
236558
237326
237483
237576
237680
237913
237952
238384
238863
239772
240127
240319
240535
240610
240694
241025
241571
241994
242246
242757
243210
243635
243756
243866
244059
244133
244179
244837
245068
245474
245561
245782
246441
246861
247459
247724
248307
248674
248787
248918
249022
249283
249503
249823
249920
250079
250139
250186
250280
250918
251088
251227
251388
251461
251843
251928
252021
252095
252193
252501
252596
252905
253905
254247
254370
255220
255562
255859
255937
256136
256605
257298
257392
257972
258349
258564
258726
258965
259373
259429
259620
259917
260214
260450
260587
260747
260971
261971
262241
263022
263310
263966
264430
264901
264956
265221
265613
265893
266281
266809
266887
267172
267271
268193
268409
268627
268854
268928
269119
269556
269897
270332
270540
270764
271356
271454
271488
271602
271916
272035
272225
272639
272742
272911
273401
274303
274567
274621
274710
275162
275387
275623
276048
276495
276837
277060
277225
277372
278372
278558
278950
279169
279224
279398
279572
279833
280014
280384
280569
280879
281455
281512
281550
282069
283069
284069
284393
284607
284649
284730
284873
285140
285416
285580
285636
285977
286045
286614
287002
287063
287332
287729
287828
287919
288024
288068
288379
288957
289289
290289
290564
290958
291446
291655
291715
292617
292833
293833
294648
294711
295236
295436
295635
295930
296171
296712
296906
297420
297689
297805
297975
298201
298462
298607
298776
298819
299570
299790
299831
299880
299956
299993
300117
300255
300612
300799
300980
301021
301240
301673
301891
302518
303001
303045
303116
303156
303886
304002
304134
304332
304477
305203
305239
305426
305506
305608
305759
306096
306320
306453
306697
307005
307146
307296
307454
307753
307995
308186
308261
308370
308418
308473
308506
308638
308811
309061
309305
309383
309421
309519
309745
310061
310498
310991
311384
311588
312277
312753
313169
313634
313961
314335
314949
315199
315300
315903
316100
316184
316494
316737
317108
317498
318329
318540
318625
318686
318771
318961
319243
319310
319423
319612
319659
319991
320009
320473
320681
320889
321218
321391
321444
321614
321795
321986
322368
323364
323427
323629
323689
323902
324385
324645
324852
325095
325168
325222
325535
325618
325872
326063
326126
326440
326461
326529
326614
326767
327406
327734
327802
327853
328144
328206
328288
328613
328762
328892
329365
329499
329538
329619
329796
330015
330134
330305
330697
330791
330907
331294
331345
331395
331746
331961
332037
332240
332368
332574
332731
332903
333075
333115
333277
333532
333732
333796
333835
333966
334153
334408
334623
334766
334798
334866
335307
335409
335607
335932
336089
336130
336305
336422
336548
336641
336777
337056
337162
337291
337532
337690
337952
338063
338308
338596
338696
338850
338901
338935
339205
339676
340139
340237
340365
340736
340969
341068
341162
341462
341593
342593
342792
342983
343074
343280
343622
343900
344100
344417
344612
344892
345046
345418
345510
345571
345928
346431
346558
346813
347292
347593
347924
348038
348187
348349
348552
348773
348823
348923
349098
349739
349786
350702
351016
351125
351222
351366
351408
351563
351655
351905
352035
352251
352347
352809
353170
353451
353902
353998
354234
354507
354557
354798
354885
355263
355512
355757
356122
356498
356717
356930
357150
357572
357687
357879
358199
358351
358549
358961
359054
359206
359396
359842
360117
360910
360964
361048
361168
361287
361448
361603
361638
362302
362393
362484
362796
363095
363140
363298
363343
363422
363456
363574
363656
363750
363816
364045
364241
364389
364506
364602
364948
365184
365235
365280
365495
365752
365934
366199
367176
367241
367616
367854
367895
367932
368135
368253
368320
368358
368572
368613
368644
368839
369037
369236
369370
369575
369620
369807
369918
370135
370382
370464
370503
370571
370764
370818
370944
370990
371031
371178
371369
371488
372072
372344
372393
372431
372646
372730
372973
373128
373267
373310
373425
373495
373681
373854
373907
373947
374034
374189
374392
374527
374671
374915
374966
374994
375191
375389
375434
375506
375607
375657
375779
375828
375980
376028
376186
376301
376346
376492
376523
376694
377122
377233
377382
377414
377590
377753
377929
377988
378120
378334
378487
378682
378770
378793
378983
379231
379482
379960
380154
380226
380421
380473
380691
380746
380883
380962
381105
381146
381276
381336
381369
381422
381633
381792
381834
382315
382362
382401
382488
382549
382689
382729
382829
382873
382920
383081
383168
383454
383703
383844
383939
383983
384030
384164
384498
384698
384750
384906
385043
385080
385472
385675
385711
386093
386161
386331
386530
386675
386930
387003
387165
387378
387586
387762
387979
388119
388168
388323
388447
388621
388664
388883
389016
389723
390003
390052
390329
390503
391260
391661
391861
392004
392444
392514
392642
392708
392935
393230
393449
393616
393799
394104
394272
394403
394472
394535
394747
395024
395436
395802
396023
396355
396402
396466
396626
396783
396921
397097
397315
397369
397525
397803
397852
397956
397997
398047
398195
398459
398736
398801
399538
399578
399635
399922
400162
400245
400596
400637
400870
401192
401243
401291
401536
401777
401882
402294
402449
402476
402646
402863
402910
403102
403326
403531
403638
403857
404396
404477
404694
404824
405064
405127
405320
406115
406495
406580
406710
406862
407541
407714
407915
408621
408907
409280
409497
409649
409686
409829
410197
410286
410383
410504
410617
410690
411474
411625
411706
411840
412028
412200
412334
412407
412471
412645
413135
413501
413582
413780
413957
414153
414588
414747
415180
415540
415720
416569
416779
416970
417045
417119
417331
417395
417518
417564
417607
418361
418581
418799
418864
418942
419048
419463
419653
419859
420323
420798
421046
421299
421601
421855
421991
422535
422779
423052
423082
423395
