-133.0
-402.0
-250.0
-1147.0
-1028.0
-391.0
-303.0
-444.0
-156.0
-365.0
-259.0
-185.0
-1723.0
-291.0
-296.0
-697.0
-194.0
-365.0
-266.0
-294.0
-648.0
-322.0
-966.0
-365.0
-243.0
-489.0
-314.0
-317.0
-460.0
-295.0
-813.0
-446.0
-969.0
-319.0
-217.0
-871.0
-446.0
-158.0
-184.0
-184.0
-406.0
-208.0
-148.0
-266.0
-76.0
-126.0
-307.0
-252.0
-190.0
-158.0
-218.0
-205.0
-176.0
-384.0
-405.0
-223.0
-437.0
-182.0
-150.0
-294.0
-235.0
-361.0
-214.0
-210.0
-198.0
-178.0
-119.0
-493.0
-260.0
-221.0
-290.0
-146.0
-78.0
-74.0
-257.0
-756.0
-50.0
-140.0
-468.0
-323.0
-253.0
-96.0
-49.0
-100.0
-103.0
-75.0
-115.0
-80.0
-9.0
-123.0
-53.0
-100.0
-142.0
-153.0
-118.0
-195.0
-263.0
-281.0
-197.0
-128.0
-87.0
-142.0
-84.0
-177.0
-275.0
-187.0
48.0
-132.0
-141.0
-139.0
-202.0
-38.0
-173.0
-40.0
283.0
35.0
-124.0
103.0
22.0
-158.0
-248.0
-199.0
-142.0
-101.0
9.0
-285.0
-82.0
-125.0
-183.0
23.0
-180.0
-274.0
4.26325641456e-14
-302.0
-41.0
18.0
-60.0
247.0
-167.0
18.0
-361.0
-19.0
-8.0
-56.0
-67.0
-133.0
10.0
-190.0
-199.0
-158.0
-145.0
-124.0
-285.0
-140.0
-400.0
-66.0
-207.0
-59.0
-62.0
-134.0
-133.0
-43.0
-39.0
-261.0
-384.0
-5.0
-68.0
-552.0
12.0
-151.0
-270.0
119.0
-205.0
-139.0
29.0
-310.0
-197.0
-206.0
-271.0
-14.0
-44.0
-137.0
-458.0
-18.0
-51.0
155.0
-194.0
29.0
-69.0
-14.0
-24.0
-71.0
-137.0
-48.0
-38.0
14.0
-353.0
22.0
-123.0
-51.0
-162.0
-94.0
-141.0
-215.0
178.0
-161.0
-280.0
-154.0
-115.0
-190.0
-85.0
-324.0
-84.0
-158.0
-253.0
-38.0
-393.0
-261.0
-841.0
-121.0
-164.0
-363.0
-242.0
-102.0
-205.0
-259.0
-163.0
-223.0
-211.0
-154.0
-101.0
-404.0
-146.0
-109.0
-143.0
-123.0
-268.0
-109.0
-279.0
-206.0
-2.0
-89.0
-265.0
-90.0
-207.0
-538.0
-713.0
-470.0
-106.0
-269.0
-243.0
-87.0
-223.0
-168.0
-298.0
-96.0
-128.0
-173.0
-139.0
-321.0
-295.0
-95.0
-261.0
-150.0
-130.0
-877.0
-172.0
-116.0
-223.0
-267.0
-57.0
-236.0
-226.0
-108.0
-212.0
-236.0
-57.0
-83.0
-549.0
-77.0
-217.0
-104.0
-241.0
-133.0
-235.0
-135.0
-190.0
-281.0
-61.0
-133.0
-214.0
-237.0
-239.0
-147.0
-337.0
-324.0
-112.0
-212.0
-143.0
-262.0
-108.0
-180.0
-217.0
-194.0
-833.0
-270.0
-160.0
-302.0
-488.0
-225.0
-215.0
-151.0
-193.0
-399.0
-169.0
-154.0
-167.0
-299.0
-144.0
-237.0
-158.0
-151.0
-258.0
-230.0
-173.0
-165.0
-202.0
-212.0
-502.0
-140.0
-85.0
-291.0
-258.0
-229.0
-270.0
-238.0
-326.0
-178.0
-155.0
-352.0
-118.0
-138.0
-473.0
-165.0
-213.0
-198.0
-281.0
-89.0
-138.0
-469.0
-144.0
-197.0
-205.0
-512.0
-57.0
-155.0
-101.0
-108.0
-46.0
-285.0
25.0
-186.0
-95.0
-266.0
-72.0
-154.0
-271.0
-142.0
-250.0
-173.0
120.0
-236.0
-191.0
-228.0
-126.0
-519.0
-227.0
-188.0
-198.0
-169.0
-245.0
-393.0
-89.0
-103.0
-199.0
-161.0
-411.0
-205.0
-336.0
-504.0
-169.0
-83.0
-233.0
-226.0
-78.0
-285.0
-641.0
-171.0
-153.0
-170.0
-283.0
-202.0
-239.0
-219.0
-300.0
-350.0
-143.0
-144.0
48.0
-189.0
-135.0
-176.0
-23.0
-228.0
-76.0
-267.0
-102.0
-185.0
-134.0
-392.0
-467.0
-433.0
-144.0
-403.0
-298.0
-99.0
-87.0
-154.0
-151.0
-244.0
-318.0
-36.0
-602.0
-162.0
-215.0
-555.0
-202.0
-161.0
-184.0
-181.0
-167.0
-230.0
-362.0
-292.0
-318.0
-142.0
-74.0
-412.0
-264.0
-174.0
-557.0
-367.0
-222.0
-110.0
-434.0
-181.0
-263.0
-258.0
-92.0
-192.0
-147.0
-293.0
-160.0
-267.0
-364.0
-232.0
-145.0
-383.0
-347.0
-183.0
-157.0
-225.0
-54.0
-260.0
-224.0
-732.0
-109.0
-186.0
-318.0
-95.0
-295.0
-138.0
-282.0
-323.0
-319.0
-39.0
-195.0
-509.0
-227.0
-261.0
-101.0
-123.0
-159.0
-45.0
-80.0
-136.0
-358.0
-4.0
-28.0
-117.0
-382.0
-156.0
-110.0
-83.0
-118.0
-99.0
-28.0
-178.0
-123.0
-342.0
-159.0
-134.0
-262.0
-95.0
-88.0
-43.0
-6.0
-63.0
-171.0
-116.0
-175.0
-131.0
-133.0
-282.0
-37.0
-116.0
-129.0
6.0
-140.0
-151.0
20.0
-194.0
-205.0
-183.0
-129.0
-92.0
-39.0
-152.0
-83.0
-266.0
-78.0
-197.0
-87.0
-128.0
-177.0
-189.0
-137.0
-273.0
-98.0
-147.0
-133.0
-58.0
-357.0
-150.0
-138.0
-146.0
-106.0
-121.0
-249.0
-139.0
-240.0
-131.0
-805.0
-178.0
-116.0
-424.0
-160.0
-288.0
-232.0
-253.0
-139.0
-421.0
-162.0
-643.0
-293.0
-378.0
-527.0
-159.0
-208.0
-599.0
-112.0
-134.0
-238.0
-96.0
-326.0
-1255.0
-89.0
-351.0
-329.0
-137.0
-389.0
-277.0
-385.0
-236.0
-537.0
-371.0
-200.0
-470.0
-164.0
-203.0
-144.0
-150.0
-244.0
-139.0
-136.0
-328.0
-69.0
-347.0
-498.0
-712.0
-102.0
-424.0
-68.0
-633.0
-214.0
-547.0
-98.0
-133.0
-297.0
-139.0
-259.0
-73.0
-212.0
-128.0
-217.0
-146.0
-625.0
-213.0
-428.0
-369.0
-409.0
-315.0
-165.0
-80.0
-152.0
-326.0
-318.0
-198.0
-141.0
-180.0
-644.0
-105.0
-275.0
-144.0
-178.0
-468.0
-151.0
-208.0
-201.0
-301.0
-203.0
-271.0
-66.0
-66.0
-150.0
-184.0
-186.0
-158.0
-365.0
-314.0
-281.0
-137.0
-111.0
-77.0
-294.0
-343.0
-156.0
-366.0
-453.0
-224.0
-334.0
-318.0
-384.0
-8.0
-142.0
-359.0
-132.0
-195.0
-136.0
-380.0
-184.0
-70.0
-284.0
-505.0
-233.0
-638.0
-222.0
-270.0
-234.0
-255.0
-464.0
-539.0
-389.0
-423.0
-217.0
-355.0
-94.0
-162.0
-156.0
-349.0
-245.0
-258.0
-91.0
-458.0
-182.0
-411.0
-426.0
-295.0
-269.0
-67.0
-324.0
-316.0
-648.0
-354.0
-199.0
-281.0
-830.0
-151.0
-192.0
-1094.0
-164.0
-98.0
-155.0
-232.0
-73.0
-178.0
-433.0
-268.0
-345.0
-418.0
-459.0
-165.0
-407.0
-347.0
-288.0
-106.0
-168.0
-227.0
-362.0
-180.0
-136.0
-223.0
-77.0
-48.0
-225.0
-243.0
-284.0
-166.0
-180.0
-527.0
-311.0
-182.0
-206.0
-475.0
-78.0
-119.0
-166.0
-94.0
-151.0
-122.0
-369.0
-781.0
-95.0
-228.0
-223.0
-87.0
-478.0
-267.0
-676.0
-127.0
-231.0
-327.0
-197.0
-156.0
-696.0
-216.0
-184.0
-365.0
-693.0
-430.0
-228.0
-334.0
-531.0
-324.0
-231.0
-521.0
-479.0
-240.0
-166.0
-584.0
-291.0
-414.0
-144.0
-330.0
-213.0
-206.0
-290.0
-914.0
-928.0
-319.0
-88.0
-143.0
-165.0
-140.0
-731.0
-74.0
-48.0
-406.0
-305.0
-373.0
-766.0
-351.0
-582.0
-211.0
-735.0
-104.0
-752.0
-961.0
-296.0
-660.0
-200.0
-995.0
-520.0
-363.0
-669.0
-723.0
-1002.0
-409.0
-302.0
-605.0
-321.0
-193.0
-265.0
-379.0
-210.0
-61.0
-204.0
-1365.0
-323.0
-322.0
-365.0
-174.0
-934.0
-484.0
-731.0
-803.0
-60.0
-732.0
-343.0
-154.0
-439.0
-685.0
-134.0
-185.0
-409.0
-591.0
-308.0
-735.0
-844.0
-167.0
-124.0
-297.0
-266.0
-145.0
-221.0
-311.0
-465.0
72.0
-280.0
-163.0
-95.0
-105.0
-315.0
-410.0
-200.0
-257.0
-323.0
-204.0
-450.0
-266.0
-44.0
-251.0
-196.0
-169.0
-754.0
-376.0
-392.0
-167.0
-265.0
-594.0
-215.0
-707.0
-412.0
-498.0
-270.0
-117.0
-142.0
-178.0
-182.0
-349.0
-336.0
-278.0
-348.0
-63.0
-161.0
-207.0
-414.0
-289.0
-166.0
-278.0
-174.0
-474.0
-187.0
-192.0
-75.0
-145.0
-126.0
-225.0
-212.0
-130.0
-269.0
-123.0
-649.0
-294.0
-224.0
-210.0
-294.0
-342.0
-355.0
-203.0
-378.0
-297.0
-172.0
-176.0
-289.0
-236.0
-180.0
-308.0
-414.0
-324.0
-315.0
-179.0
-269.0
-245.0
-1124.0
-262.0
-370.0
-478.0
-456.0
-402.0
-331.0
-185.0
-88.0
-518.0
-423.0
-286.0
-266.0
-78.0
-422.0
-127.0
-766.0
-346.0
-237.0
-242.0
-201.0
-336.0
-500.0
-505.0
-720.0
-347.0
-260.0
-575.0
-122.0
-133.0
-136.0
-533.0
-228.0
-360.0
-140.0
-104.0
-314.0
-421.0
-679.0
-457.0
-156.0
-88.0
-585.0
-240.0
-281.0
-549.0
-430.0
-530.0
-404.0
-393.0
-181.0
-1140.0
-369.0
-225.0
-346.0
-159.0
-188.0
-277.0
-194.0
-284.0
-406.0
-104.0
-437.0
-466.0
-56.0
-137.0
-512.0
-1080.0
-1164.0
-271.0
-332.0
-193.0
-91.0
-243.0
-97.0
-286.0
-364.0
-161.0
-468.0
-169.0
-1062.0
-425.0
-162.0
-293.0
-793.0
-203.0
-95.0
-116.0
-49.0
-127.0
-1056.0
-261.0
-1115.0
-599.0
-708.0
-433.0
-366.0
-96.0
-611.0
-222.0
-827.0
-1004.0
-162.0
-1015.0
-406.0
-314.0
-397.0
-461.0
-726.0
-240.0
-418.0
-571.0
-122.0
-173.0
-353.0
-179.0
-255.0
-305.0
-231.0
-839.0
-405.0
-140.0
-187.0
-190.0
-232.0
-310.0
-391.0
-140.0
-350.0
-598.0
-229.0
-836.0
-551.0
-216.0
-93.0
-139.0
-881.0
-223.0
-260.0
-421.0
-191.0
-744.0
-135.0
-221.0
-181.0
-113.0
-118.0
-639.0
-440.0
-235.0
-396.0
-451.0
-446.0
-450.0
-233.0
-357.0
-506.0
-304.0
-285.0
-8.0
-170.0
-154.0
-132.0
-236.0
-229.0
-320.0
-454.0
-224.0
-146.0
-312.0
-433.0
-571.0
-793.0
-718.0
-664.0
-325.0
-428.0
-610.0
-401.0
-551.0
-282.0
-240.0
-742.0
-229.0
-122.0
-240.0
-272.0
-84.0
-151.0
-42.0
-203.0
-465.0
-782.0
-135.0
-85.0
-61.0
-131.0
-311.0
-349.0
-79.0
-139.0
-15.0
-168.0
-317.0
-117.0
-294.0
-249.0
-236.0
-528.0
-146.0
-54.0
-184.0
-140.0
-257.0
-494.0
-936.0
-63.0
-256.0
-60.0
-254.0
-632.0
-318.0
-216.0
-311.0
-173.0
-155.0
-340.0
-84.0
-402.0
-226.0
-165.0
-518.0
-121.0
-170.0
-143.0
-284.0
-747.0
-346.0
-168.0
-150.0
-513.0
-163.0
-253.0
-463.0
-290.0
-138.0
-610.0
-35.0
-138.0
-180.0
-280.0
-467.0
-230.0
-234.0
-814.0
-204.0
-235.0
-647.0
-52.0
-50.0
-501.0
-336.0
-188.0
-165.0
-303.0
-218.0
-222.0
-268.0
-415.0
-148.0
-248.0
-650.0
-260.0
-109.0
-140.0
-284.0
-467.0
-307.0
-283.0
-196.0
-135.0
-74.0
-697.0
-139.0
-426.0
-354.0
-173.0
-144.0
-323.0
-360.0
-154.0
-224.0
-288.0
-451.0
-191.0
-384.0
-421.0
-215.0
-326.0
-214.0
-474.0
-424.0
-216.0
-258.0
-151.0
-133.0
-408.0
-548.0
-357.0
-201.0
-144.0
-671.0
-263.0
-207.0
-199.0
-714.0
-129.0
-978.0
-131.0
-205.0
-197.0
-462.0
-369.0
-215.0
-487.0
-523.0
-196.0
-425.0
-215.0
-410.0
-275.0
-60.0
-459.0
-537.0
-384.0
-488.0
-452.0
-552.0
-457.0
-389.0
-372.0
-188.0
-298.0
-418.0
-151.0
-292.0
-316.0
-1002.0
-159.0
-1488.0
-194.0
-162.0
-110.0
-380.0
-141.0
-359.0
-106.0
-195.0
-198.0
-309.0
-222.0
-549.0
-493.0
-292.0
-580.0
-146.0
-339.0
-475.0
-153.0
-372.0
-170.0
-525.0
-296.0
-262.0
-496.0
-410.0
-360.0
-481.0
-153.0
-498.0
-21.0
-104.0
-398.0
-271.0
-249.0
-506.0
-207.0
-80.0
-261.0
-311.0
-336.0
-783.0
-156.0
-198.0
-229.0
-131.0
-203.0
-184.0
-134.0
-771.0
-92.0
-214.0
-364.0
-348.0
-146.0
-160.0
-145.0
-181.0
-137.0
-149.0
-184.0
-95.0
-82.0
-317.0
-220.0
-149.0
-121.0
-198.0
-627.0
-270.0
-153.0
-157.0
-353.0
-390.0
-190.0
-208.0
-904.0
-242.0
-320.0
-429.0
-140.0
-137.0
-357.0
-232.0
-179.0
-147.0
-147.0
-140.0
-134.0
-360.0
-232.0
-263.0
-36.0
-416.0
-147.0
-213.0
-213.0
-404.0
-407.0
-220.0
-139.0
-184.0
-348.0
-163.0
-246.0
-146.0
-147.0
-300.0
-331.0
-285.0
-940.0
-480.0
-150.0
-142.0
-330.0
-186.0
-311.0
-358.0
-171.0
-144.0
-259.0
-247.0
-210.0
-288.0
-165.0
-150.0
-87.0
-285.0
-348.0
-286.0
-345.0
-370.0
-166.0
-127.0
-380.0
-339.0
-150.0
-186.0
-216.0
-150.0
-252.0
-161.0
-151.0
-150.0
-271.0
-236.0
-175.0
-265.0
-168.0
-298.0
-719.0
-219.0
-318.0
-136.0
-330.0
-289.0
-345.0
-169.0
-292.0
-241.0
-389.0
-337.0
-229.0
-21.0
-369.0
-347.0
-460.0
-594.0
-366.0
-80.0
-418.0
-171.0
-330.0
-204.0
-285.0
-188.0
-176.0
-147.0
-265.0
-171.0
-133.0
-190.0
-262.0
-298.0
-143.0
-576.0
-148.0
-140.0
-233.0
-172.0
-252.0
-140.0
-210.0
-144.0
-148.0
-285.0
-201.0
-408.0
-392.0
-271.0
-195.0
-149.0
-173.0
-265.0
-409.0
-309.0
-62.0
-309.0
-241.0
-137.0
-571.0
-345.0
-137.0
-629.0
-213.0
-323.0
-304.0
-262.0
-445.0
-196.0
-354.0
-253.0
-164.0
-198.0
-372.0
-48.0
-175.0
-348.0
-246.0
-320.0
-198.0
-391.0
-160.0
-739.0
-409.0
-150.0
-299.0
-189.0
-702.0
-402.0
-137.0
-271.0
-524.0
-209.0
-242.0
-171.0
-243.0
-327.0
-298.0
-289.0
-358.0
-313.0
-279.0
-263.0
-177.0
-84.0
-225.0
-227.0
-380.0
-458.0
-241.0
-432.0
-155.0
-177.0
-334.0
-320.0
-153.0
-258.0
-172.0
-177.0
-265.0
-221.0
-150.0
-205.0
-148.0
-50.0
-261.0
-345.0
-330.0
-197.0
-942.0
-140.0
-68.0
-530.0
-431.0
-190.0
-420.0
-140.0
-423.0
-401.0
-153.0
-162.0
-377.0
-298.0
-212.0
-318.0
-316.0
-126.0
-336.0
-335.0
-160.0
-347.0
-400.0
-238.0
-286.0
-270.0
-600.0
-114.0
-271.0
-201.0
-353.0
-179.0
-321.0
-1173.0
-395.0
-94.0
-133.0
-176.0
-1070.0
-261.0
-438.0
-841.0
-539.0
-226.0
-355.0
-258.0
-136.0
-190.0
-459.0
-192.0
-125.0
-246.0
-239.0
-76.0
-976.0
-159.0
-186.0
-35.0
-194.0
-305.0
-166.0
-177.0
-175.0
-315.0
-803.0
-421.0
-181.0
-357.0
-188.0
-146.0
-762.0
-323.0
-528.0
-444.0
-328.0
-947.0
-426.0
-96.0
-77.0
-75.0
-328.0
-91.0
-248.0
-146.0
-142.0
-763.0
-386.0
-156.0
-174.0
-178.0
-146.0
-280.0
-370.0
-271.0
-601.0
-442.0
-270.0
-302.0
-496.0
-277.0
-239.0
-700.0
-531.0
-214.0
-130.0
-532.0
