39.46
29.44
11.03
137.3
94.12
22.92
14.73
51.53
28.23
30.16
15.99
12.67
165.36
15.94
21.16
59.95
13.96
26.17
18.26
28.48
43.1
20.68
45.91
14.22
17.44
40.33
33.13
36.08
63.54
38.81
104.64
71.54
218.62
47.28
26.42
206.41
70.49
31.12
42.02
17.27
77.75
46.21
12.4
52.57
18.86
29.23
60.08
53.8
18.93
13.3
14.7
15.56
22.98
43.3
41.56
18.71
63.98
37.2
12.18
51.62
16.88
42.31
32.02
34.08
12.92
18.16
21.31
51.43
64.38
21.96
25.98
31.07
34.03
35.61
27.15
85.16
32.01
9.53
65.11
24.55
50.33
20.18
13.68
20.67
21.69
38.26
26.33
13.81
42.64
81.23
53.6
19.84
10.31
12.69
24.77
34.18
41.84
21.11
21.22
7.09
21.13
10.48
18.66
12.86
67.33
13.28
14.69
30.47
30.83
9.36
87.99
28.3
49.32
33.07
165.01
14.46
6.69
68.66
19.36
13.11
75.44
42.15
10.12
22.18
22.4
230.65
18.17
29.03
13.32
41.63
37.2
77.12
24.19
94.61
30.51
16.56
16.13
163.07
14.97
76.02
115.04
26.39
49.3
13.32
40.46
8.62
64.68
124.63
41.75
32.61
11.77
6.49
124.6
35.31
112.76
17.36
232.18
14.36
37.53
8.53
31.84
12.03
48.54
78.72
187.64
25.56
17.61
159.79
22.71
11.23
56.62
84.09
42.08
76.21
41.58
89.78
18.4
150.83
98.74
25.59
11.53
9.47
123.55
29.03
32.23
37.43
45.29
43.04
15.71
87.08
88.46
39.29
9.22
14.23
98.49
46.38
172.3
20.53
29.04
55.31
36.29
45.14
31.84
115.34
185.34
38.54
30.16
12.48
25.9
19.28
61.64
83.71
89.59
13.92
102.12
25.7
74.33
26.76
217.22
21.69
32.68
99.54
49.74
24.34
92.08
127.62
15.72
50.68
17.18
12.58
47.81
165.54
11.7
25.86
11.14
26.41
82.64
24.62
105.33
22.8
71.34
111.38
57.05
19.5
67.49
229.79
171.79
210.86
50.48
35.8
31.82
20.61
25.3
40.13
40.93
71.02
31.12
17.45
98.9
68.14
91.63
22.88
77.56
30.27
7.72
228.67
17.66
27.49
144.02
27.92
152.09
80.47
52.22
44.25
154.06
190.12
96.37
43.38
227.13
17.04
25.33
21.83
210.03
8.11
60.26
72.9
18.05
99.09
14.77
7.78
45.68
148.85
130.65
51.51
90.21
39.56
47.21
85.58
69.77
94.29
43.54
13.65
47.31
40.79
198.55
204.11
33.55
76.29
215.28
26.66
20.02
30.89
18.29
67.58
79.07
118.44
74.3
52.08
10.19
42.79
74.82
11.62
33.36
28.19
69.83
14.88
17.11
18.81
83.45
28.99
18.19
52.04
58.06
89.74
49.22
23.51
128.69
17.35
33.6
105.65
127.14
9.36
122.34
14.72
129.73
71.67
34.47
20.92
170.18
82.96
10.62
72.07
63.15
113.68
131.56
27.98
40.67
20.24
32.05
135.45
40.89
17.58
16.39
83.55
33.06
12.03
29.69
9.8
25.19
14.12
148.07
43.01
15.4
21.36
47.93
92.21
58.86
33.1
44.12
34.67
24.6
122.49
17.25
45.81
18.01
29.57
160.2
22.91
62.53
184.76
33.23
19.76
63.47
24.55
18.85
90.92
204.09
37.56
31.63
147.16
129.99
44.47
51.49
21.72
37.11
156.02
27.58
10.51
56.13
19.58
8.73
16.17
108.98
43.93
38.83
132.72
22.82
18.81
8.14
118.72
62.49
215.61
10.62
123.77
39.71
44.81
20.53
33.82
11.83
29.52
59.23
31.08
175.54
35.91
63.06
99.89
104.48
14.32
15.11
38.94
14.97
87.37
113.22
76.11
36.92
10.2
14.6
216.74
77.21
15.31
164.24
95.82
23.97
45.92
63.55
124.94
77.33
49.03
16.24
20.23
89.74
117.3
34.21
52.74
80.13
101.27
10.4
175.42
85.77
18.02
13.01
44.11
34.74
23.14
88.85
221.48
25.01
43.49
246.47
20.33
157.77
32.25
247.11
48.91
49.55
33.2
22.98
244.64
79.39
78.45
24.54
74.46
15.11
12.24
19.4
9.85
101.72
28.74
9.71
25.8
249.13
13.98
160.64
21.49
28.64
24.89
59.72
13.09
7.23
67.3
15.44
32.65
59.81
21.03
50.02
138.08
76.21
40.82
90.57
24.85
39.68
8.83
10.09
39.72
108.05
27.14
98.73
100.64
30.64
10.12
146.15
23.62
22.57
15.13
9.0
171.75
181.82
13.58
41.21
35.52
15.27
49.06
22.15
7.94
108.03
68.73
85.99
95.45
24.94
11.21
71.26
13.08
83.46
179.13
214.98
30.95
23.92
26.39
66.95
9.31
217.36
7.92
220.9
16.13
25.79
153.59
13.32
33.13
72.64
50.2
32.27
80.6
49.8
125.09
81.81
96.81
107.68
37.57
39.79
103.67
25.61
31.03
88.25
23.14
41.92
204.64
21.45
104.74
67.15
8.91
44.39
27.16
54.23
30.15
61.09
49.23
14.41
113.1
9.2
21.1
9.85
11.67
44.6
9.82
51.92
64.02
17.02
93.51
188.37
115.33
24.57
163.5
15.76
225.8
91.0
227.93
18.82
30.04
80.59
30.55
82.76
170.1
27.15
7.3
42.15
11.07
142.95
47.72
62.83
91.99
83.35
90.06
37.25
18.91
31.95
89.93
152.54
41.45
25.82
52.79
223.44
23.7
35.65
76.97
17.69
226.11
55.72
66.67
45.7
64.0
20.89
58.8
36.52
15.83
12.15
14.66
63.8
14.39
146.51
38.69
83.72
29.77
25.82
18.11
40.85
70.13
35.97
56.07
119.27
40.17
50.08
69.39
55.6
25.03
10.41
123.0
8.36
132.52
9.19
52.94
63.0
16.8
39.15
78.32
29.37
139.4
45.84
74.1
111.97
32.87
81.07
227.17
79.81
180.01
47.62
139.0
20.09
57.12
55.92
70.52
88.69
140.1
43.99
112.15
61.76
70.79
85.73
55.97
55.24
14.66
178.0
66.59
202.8
159.68
64.91
28.07
166.63
32.96
43.98
187.54
15.06
21.26
12.8
49.35
40.29
17.77
78.4
55.33
183.68
161.27
52.89
12.15
229.88
63.02
101.93
95.13
15.6
68.23
83.25
17.57
9.15
62.16
65.08
36.43
28.37
74.17
81.24
89.51
18.67
100.54
96.3
16.51
59.22
87.48
19.37
69.68
15.88
19.97
41.89
24.58
101.66
219.8
44.71
18.88
44.48
85.35
130.9
58.69
174.79
26.13
72.78
69.94
40.6
13.36
227.8
42.02
14.88
48.0
124.68
60.09
72.44
45.14
85.97
80.86
52.91
90.82
144.27
77.83
61.97
118.39
93.01
100.34
26.65
39.37
83.23
18.47
66.14
216.46
188.79
56.35
19.37
27.78
11.83
26.12
158.8
13.72
13.91
75.14
36.48
70.62
173.11
72.17
228.71
39.53
214.25
22.8
188.19
123.52
66.67
68.71
44.54
191.12
87.66
70.81
100.33
86.01
129.97
72.35
57.03
73.99
25.61
16.41
25.02
33.25
43.21
13.24
19.82
167.17
25.68
56.82
72.44
16.56
108.87
64.77
85.93
171.52
15.79
232.16
121.04
12.47
231.25
123.86
27.04
83.92
116.22
85.99
49.43
142.17
179.4
34.34
22.51
23.91
54.08
9.65
100.45
113.83
215.92
86.69
44.77
47.56
18.3
21.02
77.34
128.53
100.21
59.19
119.51
107.68
99.2
26.08
27.73
43.79
16.97
11.17
152.43
51.29
94.71
21.65
52.85
139.01
98.48
144.6
60.55
133.56
84.87
26.88
31.91
25.62
62.71
46.48
76.13
22.88
36.53
15.77
11.31
22.61
152.0
38.39
35.2
34.25
17.54
87.04
20.52
22.22
18.23
24.62
72.84
23.29
74.49
216.2
79.55
30.84
197.27
81.47
70.15
18.51
46.74
109.48
163.75
20.5
134.19
87.51
50.69
38.33
57.18
95.23
13.73
42.95
67.36
63.46
53.84
32.88
36.39
51.88
227.53
63.17
184.35
67.46
153.63
98.9
110.92
13.54
63.61
91.15
63.87
93.33
125.47
19.49
65.29
22.4
213.0
48.1
50.23
53.69
17.9
43.72
101.25
76.42
104.02
44.09
53.0
137.7
25.06
9.24
28.09
71.74
28.84
43.76
100.13
23.64
38.67
115.08
218.91
61.34
13.54
21.99
104.11
52.23
56.04
89.84
107.31
82.38
49.69
36.5
36.17
228.0
42.58
93.6
48.96
12.63
42.87
38.82
64.74
42.37
83.96
44.55
67.64
138.13
15.27
8.95
123.62
231.17
232.01
78.31
49.69
11.01
19.98
32.64
67.53
59.3
37.75
14.2
81.82
17.33
136.55
90.25
14.54
66.29
92.86
21.62
23.4
26.3
12.08
77.97
133.3
80.54
220.25
64.02
94.03
103.96
47.5
15.44
210.5
51.03
240.38
186.88
15.8
120.9
45.37
42.29
68.54
55.24
122.34
47.27
123.86
61.04
28.18
41.02
51.77
56.86
33.0
40.79
10.73
178.98
57.96
13.26
17.14
22.83
13.55
27.03
38.21
9.54
46.1
90.03
47.06
130.85
101.38
10.16
16.76
9.31
153.08
24.94
28.31
41.88
31.85
158.78
8.77
44.29
17.94
23.26
35.85
74.17
49.6
30.4
55.99
68.79
31.89
33.12
35.86
64.53
52.48
43.17
16.97
26.83
11.3
12.95
8.14
30.37
39.29
53.57
53.81
17.63
9.45
21.98
49.62
69.15
96.73
111.89
87.85
43.07
156.52
101.52
88.06
97.12
69.86
80.5
127.31
54.18
22.58
127.31
42.31
19.51
67.12
54.12
79.91
81.62
173.62
45.8
19.54
14.27
19.73
39.88
59.63
15.81
25.05
42.41
10.92
70.45
4.83
97.67
44.77
44.58
68.18
38.13
13.0
36.83
40.14
41.32
80.26
204.17
14.87
43.31
14.44
45.56
100.74
54.96
44.55
51.52
16.21
11.99
65.79
19.11
52.9
41.13
13.98
65.06
5.41
15.03
19.54
32.0
132.61
68.81
15.03
11.77
60.82
13.76
18.1
68.81
31.51
28.43
98.58
30.75
9.09
17.67
38.46
45.77
25.52
37.01
81.03
20.09
24.76
81.74
12.42
12.35
73.9
45.15
16.62
44.65
27.24
43.8
34.23
37.46
36.21
9.31
35.37
53.3
42.7
15.26
9.11
27.59
39.46
54.38
46.45
31.44
7.88
16.28
91.81
22.82
41.69
67.68
34.19
9.55
36.84
25.17
28.3
20.11
28.86
59.09
23.81
27.37
50.25
34.4
56.16
23.74
52.34
60.97
21.53
32.52
11.54
8.15
57.75
99.61
98.76
21.12
28.51
76.72
49.68
21.55
20.29
61.88
29.12
207.92
44.62
40.91
19.67
43.3
73.35
60.49
41.89
65.29
42.13
59.48
33.32
78.99
19.93
14.65
76.02
104.93
27.03
52.68
101.31
62.68
70.05
24.4
31.69
35.1
43.57
46.16
11.56
21.52
37.0
132.75
10.72
190.31
68.93
24.62
21.96
30.69
10.13
32.42
20.76
54.19
28.92
46.63
21.14
96.98
76.2
60.93
94.58
21.35
50.3
56.78
11.53
50.64
19.92
79.65
53.67
52.73
77.36
78.0
46.33
45.19
48.51
89.02
26.95
43.0
68.2
32.74
42.77
85.29
20.1
34.62
41.58
95.63
58.43
167.17
12.35
18.47
25.62
25.99
35.42
34.11
8.29
139.39
20.97
19.7
66.39
63.31
10.44
34.1
10.32
17.23
8.27
26.45
18.08
21.37
15.66
48.9
42.37
31.87
26.25
20.68
72.31
51.13
11.55
10.54
45.82
54.11
39.27
56.39
205.27
14.39
80.71
50.29
9.53
8.9
43.33
25.59
14.84
8.76
47.3
9.56
7.9
41.61
42.98
45.97
33.4
46.8
10.86
40.43
26.21
48.65
55.49
18.99
9.62
16.41
43.18
13.42
28.49
10.57
10.77
32.79
43.03
27.26
131.1
60.92
12.3
9.45
47.27
18.46
56.91
34.43
32.4
11.09
27.57
17.19
42.19
38.68
12.78
9.37
21.07
34.8
44.96
30.44
32.68
53.99
12.17
7.49
44.33
41.91
10.88
16.58
23.4
12.13
27.28
11.97
35.01
12.14
35.47
24.84
10.89
33.03
8.38
37.95
97.27
25.15
33.67
8.17
39.02
34.73
40.34
13.92
30.08
50.07
34.92
43.16
19.99
6.94
42.49
52.01
57.45
109.27
43.65
18.04
45.53
12.62
47.72
13.01
30.92
17.35
33.97
10.93
30.05
14.52
8.55
13.49
49.09
35.53
10.67
101.37
11.54
10.06
20.67
14.77
31.67
9.88
22.89
10.78
11.56
34.3
20.48
65.79
58.7
32.11
22.04
10.92
12.16
30.18
74.19
42.26
13.72
36.18
31.0
9.86
90.91
47.33
9.01
87.49
16.37
36.48
44.19
33.64
59.4
17.49
38.66
48.89
51.76
41.28
50.08
31.85
12.18
35.18
28.06
39.61
11.42
48.55
31.61
166.92
62.84
11.22
65.67
40.55
177.24
96.63
48.36
32.43
98.57
16.44
28.71
14.63
49.34
64.08
47.51
35.82
40.14
66.12
35.81
28.51
15.25
14.69
46.52
59.83
90.03
78.2
48.1
70.74
10.78
14.42
34.02
32.83
30.57
38.32
47.94
12.39
33.38
61.14
11.53
22.74
9.75
12.04
31.76
56.72
59.52
14.38
153.78
9.5
14.28
60.7
50.73
18.09
75.03
9.74
49.44
68.54
11.77
10.95
51.93
53.12
23.0
87.25
33.21
6.89
36.58
46.89
10.96
40.95
47.28
44.67
23.29
46.26
121.96
20.09
50.45
30.54
54.09
14.94
43.41
182.13
87.92
19.59
29.98
35.84
155.1
40.88
45.98
165.84
65.91
89.13
48.34
32.43
9.5
34.64
86.7
20.81
22.95
27.48
25.83
18.47
180.61
33.59
19.67
34.33
42.99
39.23
31.79
17.47
15.39
39.3
114.77
77.84
19.78
45.59
43.36
48.1
101.29
36.62
102.71
85.7
41.13
177.34
47.01
49.32
19.03
19.07
47.67
16.5
27.75
12.46
11.15
159.88
50.88
51.27
16.08
18.46
26.38
98.66
43.73
48.51
107.5
101.36
56.26
61.62
67.99
59.17
30.84
126.96
56.69
63.43
7.79
66.01
