-1749.0
-1749.0
-1609.0
-1633.0
-1074.0
-1080.0
-1110.0
-1243.0
-1242.0
-325.0
-571.0
-155.0
-677.0
-649.0
-920.0
-116.0
-690.0
-927.0
-454.0
-936.0
-401.0
-456.0
-973.0
-649.0
-414.0
-445.0
-803.0
-716.0
-234.0
-228.0
-324.0
-690.0
-637.0
-835.0
-405.0
-136.0
-372.0
-280.0
-235.0
-248.0
-250.0
-237.0
-527.0
-678.0
-236.0
-512.0
-556.0
-98.0
-506.0
-113.0
-592.0
-343.0
-313.0
-186.0
-214.0
-107.0
-373.0
-271.0
-178.0
-324.0
-590.0
-297.0
-178.0
-114.0
-228.0
-962.0
-185.0
-384.0
-384.0
-186.0
-132.0
-177.0
-310.0
-465.0
-96.0
-908.0
-203.0
-240.0
-80.0
-648.0
-81.0
-211.0
-233.0
-372.0
-174.0
-508.0
-289.0
-215.0
-201.0
-243.0
-373.0
-370.0
-519.0
-416.0
-237.0
-145.0
-762.0
-145.0
-114.0
-54.0
-261.0
-67.0
-107.0
-67.0
-178.0
-321.0
-225.0
-684.0
-935.0
-272.0
-561.0
-874.0
27.0
-29.0
-152.0
-57.0
-109.0
-818.0
-341.0
-87.0
-158.0
-248.0
-30.0
-918.0
-326.0
-109.0
-42.0
-91.0
-307.0
-440.0
-31.0
-68.0
-78.0
-531.0
-173.0
5.0
-250.0
-235.0
-69.0
110.0
-100.0
-79.0
-100.0
-176.0
-464.0
-589.0
-168.0
-97.0
-140.0
-226.0
-152.0
-176.0
-808.0
-46.0
-451.0
-140.0
29.0
-178.0
-492.0
-59.0
-89.0
-43.0
-35.0
-94.0
-171.0
-171.0
-116.0
-170.0
-254.0
-178.0
-196.0
-54.0
-65.0
-82.0
-147.0
-146.0
-75.0
-257.0
-163.0
-55.0
-19.0
-587.0
-269.0
-258.0
-96.0
-52.0
-130.0
-7.0
-179.0
-65.0
-147.0
-6.0
-24.0
-65.0
-129.0
-46.0
-195.0
-75.0
16.0
-357.0
-42.0
-139.0
15.0
-56.0
-253.0
-355.0
-62.0
-113.0
-154.0
-28.0
-5.0
-140.0
51.0
-99.0
-530.0
38.0
-92.0
-69.0
-86.0
-134.0
-136.0
-57.0
-39.0
-646.0
201.0
-82.0
-141.0
-59.0
-173.0
-62.0
-103.0
94.0
-460.0
-211.0
-80.0
-354.0
-150.0
-164.0
31.0
-184.0
459.0
490.0
-72.0
-108.0
-150.0
15.0
221.0
45.0
30.0
275.0
242.0
-453.0
74.0
-235.0
38.0
486.0
485.0
473.0
219.0
25.0
254.0
463.0
30.0
404.0
-45.0
-120.0
155.0
-16.0
-42.0
246.0
560.0
3.0
61.0
305.0
533.0
476.0
536.0
521.0
383.0
82.0
-66.0
-53.0
312.0
-153.0
-24.0
-132.0
107.0
97.0
506.0
-388.0
-131.0
115.0
-40.0
-79.0
-139.0
-1.42108547152e-14
77.0
466.0
430.0
-76.0
-37.0
-93.0
242.0
-50.0
-27.0
515.0
-169.0
-138.0
-138.0
141.0
-178.0
389.0
101.0
462.0
-4.0
542.0
126.0
-47.0
359.0
-76.0
384.0
-133.0
-138.0
471.0
54.0
497.0
76.0
215.0
61.0
168.0
19.0
-84.0
12.0
-33.0
510.0
459.0
-134.0
487.0
-40.0
-32.0
85.0
-20.0
548.0
-11.0
244.0
508.0
531.0
510.0
104.0
118.0
455.0
73.0
-67.0
173.0
68.0
-14.0
142.0
523.0
352.0
-117.0
57.0
250.0
127.0
442.0
242.0
489.0
-134.0
-54.0
-4.0
559.0
8.0
66.0
54.0
414.0
308.0
-147.0
464.0
-159.0
-38.0
-51.0
161.0
158.0
79.0
-143.0
151.0
264.0
-105.0
124.0
226.0
-190.0
1.0
453.0
27.0
-45.0
434.0
-150.0
-145.0
303.0
239.0
521.0
-134.0
9.0
486.0
547.0
473.0
-29.0
89.0
505.0
-81.0
-36.0
-130.0
540.0
447.0
509.0
-3.0
-150.0
-127.0
-42.0
-69.0
-156.0
1.0
-52.0
88.0
240.0
342.0
270.0
513.0
-48.0
100.0
-20.0
6.0
124.0
-306.0
126.0
315.0
-120.0
57.0
-174.0
232.0
-106.0
-27.0
-109.0
44.0
-109.0
-88.0
249.0
-309.0
163.0
222.0
254.0
529.0
345.0
490.0
-63.0
107.0
-239.0
-133.0
499.0
93.0
-472.0
-550.0
535.0
-495.0
-121.0
208.0
313.0
81.0
-63.0
389.0
-62.0
191.0
379.0
233.0
163.0
-132.0
-154.0
-85.0
49.0
-79.0
118.0
-45.0
-360.0
-327.0
57.0
-87.0
-82.0
376.0
-449.0
-87.0
57.0
-179.0
49.0
57.0
-70.0
21.0
-144.0
113.0
-214.0
-150.0
-145.0
-33.0
33.0
-156.0
-208.0
-50.0
-49.0
-74.0
-13.0
24.0
-37.0
-25.0
134.0
-149.0
34.0
-107.0
63.0
-90.0
-16.0
-95.0
-143.0
12.0
-97.0
-130.0
-151.0
-59.0
36.0
-134.0
-64.0
110.0
-142.0
13.0
-1.0
-66.0
15.0
-10.0
-94.0
-88.0
18.0
-135.0
-132.0
-77.0
-80.0
-142.0
-68.0
21.0
33.0
-89.0
171.0
-137.0
-82.0
404.0
23.0
280.0
149.0
-61.0
335.0
23.0
78.0
-108.0
-131.0
70.0
215.0
-116.0
-22.0
104.0
-131.0
-149.0
208.0
137.0
104.0
382.0
435.0
-35.0
-148.0
-177.0
-123.0
-16.0
-19.0
-147.0
24.0
5.0
-132.0
-130.0
71.0
362.0
-19.0
-36.0
67.0
-32.0
-48.0
222.0
383.0
-22.0
421.0
-32.0
113.0
2.0
-100.0
-30.0
44.0
161.0
11.0
217.0
-72.0
-69.0
1.0
-52.0
154.0
174.0
-72.0
199.0
-28.0
-135.0
-165.0
14.0
191.0
-82.0
-148.0
-130.0
23.0
366.0
-116.0
-63.0
-137.0
-97.0
441.0
155.0
-10.0
312.0
135.0
-67.0
-128.0
-130.0
65.0
131.0
-36.0
-90.0
83.0
-35.0
-9.0
-97.0
-102.0
0.0
-19.0
-31.0
-17.0
315.0
-149.0
-11.0
-129.0
-98.0
-154.0
-149.0
-93.0
-137.0
122.0
-134.0
375.0
-97.0
173.0
2.0
-148.0
-10.0
-189.0
-55.0
-226.0
17.0
59.0
-164.0
-8.0
-96.0
128.0
190.0
-37.0
-67.0
-72.0
-29.0
10.0
98.0
120.0
-22.0
-64.0
-77.0
-66.0
90.0
-65.0
-101.0
-82.0
178.0
-39.0
108.0
-58.0
-33.0
-29.0
366.0
-60.0
59.0
-57.0
-18.0
-208.0
-101.0
181.0
516.0
-54.0
-75.0
-14.0
132.0
-66.0
-134.0
-78.0
-33.0
-56.0
-134.0
167.0
-50.0
-6.0
148.0
-77.0
-11.0
14.0
8.0
-155.0
-67.0
-426.0
-48.0
254.0
-33.0
3.0
-36.0
-164.0
296.0
-199.0
-197.0
-139.0
37.0
52.0
-42.0
33.0
-94.0
-156.0
-363.0
-335.0
-350.0
-227.0
-391.0
-218.0
-223.0
275.0
-101.0
-141.0
-279.0
193.0
-392.0
431.0
-262.0
135.0
29.0
-157.0
110.0
-161.0
-273.0
-154.0
87.0
-91.0
-104.0
-104.0
-122.0
-106.0
-8.0
-121.0
168.0
-57.0
100.0
152.0
2.84217094304e-14
-187.0
-77.0
389.0
-432.0
-329.0
-43.0
-148.0
18.0
-53.0
-139.0
467.0
-63.0
223.0
-84.0
-150.0
25.0
60.0
-252.0
301.0
-19.0
40.0
251.0
1.0
61.0
551.0
-125.0
185.0
44.0
173.0
395.0
-112.0
-39.0
232.0
427.0
215.0
375.0
-151.0
-147.0
-117.0
-80.0
178.0
23.0
-161.0
418.0
160.0
32.0
362.0
17.0
15.0
539.0
184.0
144.0
-38.0
-181.0
218.0
421.0
413.0
426.0
493.0
224.0
207.0
382.0
305.0
-60.0
200.0
199.0
28.0
370.0
414.0
451.0
309.0
-7.0
368.0
430.0
250.0
318.0
246.0
-5.0
-42.0
120.0
-17.0
10.0
342.0
54.0
-69.0
-74.0
201.0
20.0
2.0
35.0
32.0
474.0
414.0
-92.0
-140.0
-143.0
-161.0
195.0
-63.0
-26.0
-135.0
447.0
12.0
352.0
-136.0
480.0
121.0
-16.0
-163.0
-169.0
142.0
97.0
-159.0
450.0
225.0
39.0
398.0
334.0
-22.0
-195.0
360.0
-200.0
-40.0
-83.0
234.0
-88.0
352.0
-38.0
-151.0
-7.0
-5.0
-29.0
-154.0
-22.0
482.0
162.0
-164.0
159.0
-28.0
124.0
446.0
38.0
-132.0
-140.0
-121.0
305.0
-48.0
-94.0
-65.0
-148.0
-75.0
17.0
-201.0
166.0
40.0
-51.0
-30.0
428.0
-158.0
-83.0
2.0
-71.0
-76.0
-35.0
-94.0
172.0
379.0
-87.0
289.0
-51.0
83.0
19.0
44.0
127.0
-25.0
-178.0
6.0
-108.0
92.0
391.0
353.0
-143.0
-29.0
483.0
13.0
-17.0
23.0
-184.0
-28.0
-86.0
-97.0
-158.0
144.0
-134.0
16.0
178.0
92.0
429.0
442.0
237.0
22.0
172.0
-83.0
-22.0
400.0
284.0
27.0
-49.0
-5.0
340.0
81.0
-81.0
480.0
-164.0
38.0
34.0
-152.0
-160.0
-80.0
-78.0
501.0
-98.0
-118.0
492.0
394.0
477.0
77.0
56.0
372.0
-225.0
354.0
-151.0
526.0
45.0
302.0
-69.0
-154.0
195.0
33.0
188.0
556.0
289.0
517.0
-134.0
33.0
426.0
156.0
283.0
12.0
476.0
132.0
378.0
-108.0
-70.0
-30.0
408.0
-21.0
-8.0
-22.0
-102.0
132.0
23.0
27.0
8.0
-116.0
-152.0
-21.0
47.0
457.0
-89.0
-95.0
30.0
448.0
7.0
348.0
-123.0
99.0
247.0
-74.0
497.0
73.0
508.0
-63.0
-7.0
534.0
361.0
103.0
525.0
10.0
485.0
454.0
136.0
-211.0
94.0
270.0
490.0
1.0
137.0
235.0
466.0
104.0
25.0
155.0
-85.0
460.0
178.0
-19.0
261.0
94.0
389.0
-57.0
431.0
408.0
167.0
181.0
198.0
12.0
-153.0
344.0
8.0
-81.0
-29.0
9.0
70.0
-47.0
-78.0
382.0
222.0
-47.0
-58.0
48.0
145.0
409.0
-115.0
161.0
-172.0
183.0
187.0
371.0
430.0
135.0
-26.0
410.0
390.0
-60.0
-16.0
-119.0
-70.0
461.0
-35.0
-255.0
-61.0
24.0
-39.0
-56.0
475.0
-145.0
429.0
411.0
427.0
-127.0
-77.0
-92.0
-67.0
67.0
463.0
-88.0
-129.0
-32.0
488.0
-37.0
253.0
231.0
430.0
385.0
194.0
-78.0
-183.0
-102.0
-103.0
494.0
33.0
33.0
534.0
-227.0
-123.0
-144.0
-8.0
96.0
-140.0
166.0
140.0
150.0
-156.0
39.0
478.0
33.0
395.0
29.0
-129.0
268.0
-168.0
-77.0
480.0
-59.0
231.0
-48.0
156.0
206.0
-162.0
236.0
122.0
515.0
333.0
-146.0
-24.0
-19.0
63.0
227.0
117.0
-80.0
-22.0
54.0
-72.0
541.0
96.0
14.0
109.0
-139.0
-21.0
63.0
-81.0
265.0
-65.0
-62.0
420.0
453.0
135.0
158.0
427.0
393.0
506.0
-6.0
78.0
291.0
328.0
-47.0
18.0
527.0
551.0
-9.0
499.0
176.0
226.0
418.0
-106.0
494.0
-151.0
307.0
462.0
-112.0
122.0
242.0
166.0
-55.0
494.0
43.0
91.0
83.0
-11.0
427.0
-12.0
521.0
450.0
39.0
489.0
-67.0
-146.0
411.0
305.0
146.0
446.0
477.0
185.0
533.0
447.0
75.0
66.0
-79.0
-34.0
-373.0
-148.0
254.0
171.0
204.0
-46.0
-116.0
-21.0
462.0
316.0
172.0
198.0
-40.0
-54.0
261.0
69.0
-19.0
-59.0
207.0
-95.0
-3.0
53.0
-20.0
247.0
-109.0
380.0
-100.0
7.0
-143.0
-43.0
231.0
-60.0
-12.0
43.0
82.0
-82.0
-149.0
-134.0
150.0
222.0
28.0
-11.0
63.0
452.0
-16.0
13.0
-244.0
-12.0
-72.0
198.0
-121.0
265.0
-87.0
390.0
-8.0
204.0
353.0
-109.0
-113.0
-26.0
39.0
-34.0
36.0
-118.0
150.0
146.0
110.0
574.0
183.0
468.0
0.0
398.0
576.0
51.0
10.0
168.0
454.0
491.0
446.0
-152.0
-78.0
336.0
-147.0
6.0
380.0
134.0
206.0
111.0
-27.0
-75.0
-144.0
-34.0
-66.0
-141.0
509.0
3.0
541.0
181.0
323.0
-285.0
138.0
432.0
173.0
195.0
236.0
467.0
-45.0
109.0
-267.0
118.0
-23.0
142.0
471.0
41.0
161.0
355.0
432.0
478.0
-112.0
424.0
18.0
-65.0
-98.0
-114.0
133.0
27.0
-90.0
-108.0
-25.0
507.0
367.0
417.0
74.0
-294.0
494.0
132.0
46.0
475.0
-45.0
210.0
499.0
72.0
480.0
157.0
-141.0
-9.0
219.0
458.0
-139.0
389.0
-142.0
53.0
458.0
417.0
496.0
390.0
-34.0
22.0
101.0
-105.0
-106.0
458.0
38.0
1.0
205.0
33.0
458.0
239.0
-9.0
21.0
-76.0
91.0
51.0
107.0
335.0
368.0
453.0
317.0
84.0
-142.0
511.0
378.0
51.0
352.0
-132.0
454.0
-134.0
138.0
20.0
-134.0
42.0
356.0
-137.0
128.0
393.0
-23.0
73.0
208.0
77.0
220.0
469.0
517.0
342.0
-25.0
1.0
-50.0
-98.0
-64.0
-19.0
106.0
191.0
-148.0
-140.0
-98.0
-68.0
479.0
23.0
-75.0
-64.0
387.0
-107.0
-15.0
450.0
212.0
513.0
-133.0
-25.0
207.0
-55.0
-49.0
-206.0
5.0
-185.0
-16.0
38.0
-151.0
-135.0
-224.0
-7.0
544.0
-81.0
-272.0
-120.0
-10.0
46.0
-35.0
-54.0
30.0
126.0
-331.0
363.0
-48.0
-300.0
284.0
-190.0
279.0
53.0
-77.0
-86.0
65.0
-64.0
228.0
-147.0
-36.0
-125.0
295.0
-2.0
130.0
-134.0
74.0
-30.0
-2.0
24.0
210.0
387.0
182.0
62.0
111.0
392.0
483.0
101.0
-2.0
-102.0
-97.0
30.0
512.0
10.0
530.0
-159.0
277.0
439.0
-120.0
323.0
529.0
474.0
1.0
89.0
211.0
455.0
481.0
-19.0
284.0
27.0
-71.0
-97.0
0.0
474.0
515.0
-66.0
96.0
47.0
70.0
143.0
507.0
196.0
506.0
277.0
39.0
32.0
447.0
-141.0
-31.0
-164.0
-57.0
370.0
117.0
210.0
-164.0
525.0
104.0
-166.0
-25.0
602.0
-89.0
412.0
250.0
-48.0
79.0
266.0
523.0
480.0
65.0
471.0
-191.0
577.0
-32.0
232.0
380.0
565.0
560.0
256.0
210.0
493.0
275.0
-178.0
573.0
102.0
12.0
73.0
501.0
267.0
126.0
550.0
-141.0
451.0
27.0
-148.0
-6.0
-82.0
252.0
209.0
514.0
391.0
22.0
203.0
-3.0
299.0
139.0
353.0
226.0
108.0
244.0
27.0
453.0
-68.0
481.0
-32.0
-76.0
-64.0
-52.0
188.0
488.0
516.0
461.0
453.0
176.0
-14.0
486.0
102.0
288.0
101.0
418.0
28.0
523.0
239.0
63.0
-8.0
249.0
-51.0
525.0
526.0
-138.0
360.0
399.0
296.0
400.0
408.0
473.0
341.0
-66.0
244.0
78.0
-93.0
376.0
425.0
190.0
-84.0
-12.0
88.0
517.0
31.0
380.0
17.0
3.0
215.0
42.0
104.0
426.0
459.0
398.0
-6.0
1.0
-91.0
439.0
287.0
-23.0
-66.0
58.0
416.0
114.0
155.0
413.0
-36.0
467.0
156.0
84.0
439.0
201.0
36.0
-76.0
80.0
162.0
-73.0
-4.0
27.0
-29.0
-45.0
-158.0
-148.0
-128.0
471.0
243.0
156.0
-147.0
467.0
-146.0
476.0
-79.0
123.0
476.0
115.0
221.0
-60.0
222.0
-51.0
-10.0
-84.0
150.0
477.0
-49.0
-82.0
479.0
-2.0
-33.0
-99.0
447.0
-47.0
287.0
-61.0
114.0
-151.0
-54.0
-20.0
26.0
393.0
-159.0
145.0
546.0
-60.0
305.0
-150.0
-33.0
232.0
-145.0
-96.0
-37.0
513.0
378.0
71.0
-25.0
12.0
62.0
449.0
429.0
577.0
-143.0
214.0
-71.0
101.0
164.0
203.0
542.0
103.0
71.0
463.0
532.0
20.0
546.0
500.0
-44.0
-160.0
-65.0
9.0
445.0
35.0
415.0
178.0
260.0
472.0
138.0
426.0
471.0
110.0
-80.0
459.0
-74.0
28.0
402.0
84.0
23.0
-43.0
-147.0
80.0
450.0
-202.0
-36.0
400.0
57.0
-141.0
487.0
-98.0
377.0
505.0
547.0
129.0
-135.0
443.0
-146.0
432.0
507.0
505.0
384.0
437.0
-118.0
36.0
-167.0
516.0
172.0
381.0
-83.0
268.0
337.0
-134.0
-18.0
-181.0
-106.0
434.0
11.0
206.0
66.0
-162.0
546.0
-120.0
-116.0
-189.0
475.0
4.0
-64.0
109.0
416.0
476.0
159.0
-188.0
58.0
-159.0
-44.0
307.0
4.0
476.0
-48.0
-28.0
-26.0
442.0
75.0
-163.0
-137.0
408.0
-63.0
184.0
451.0
-53.0
171.0
382.0
-93.0
8.0
368.0
33.0
460.0
-112.0
272.0
-83.0
10.0
10.0
433.0
-96.0
190.0
72.0
-150.0
283.0
48.0
86.0
124.0
-80.0
427.0
473.0
-141.0
195.0
-36.0
472.0
472.0
-164.0
441.0
109.0
481.0
7.0
-157.0
297.0
470.0
-14.0
462.0
95.0
41.0
427.0
455.0
-141.0
386.0
103.0
451.0
-126.0
-127.0
208.0
-161.0
-18.0
46.0
136.0
-101.0
40.0
468.0
76.0
-17.0
-63.0
-76.0
454.0
465.0
-89.0
-60.0
80.0
318.0
-150.0
-156.0
-67.0
241.0
272.0
-39.0
395.0
-59.0
417.0
-120.0
-136.0
48.0
-43.0
281.0
287.0
241.0
-113.0
-36.0
104.0
81.0
-119.0
-99.0
439.0
-206.0
-3.0
-34.0
-30.0
-139.0
-78.0
461.0
230.0
279.0
425.0
-33.0
100.0
-23.0
152.0
490.0
532.0
130.0
136.0
73.0
125.0
68.0
12.0
278.0
207.0
-33.0
-128.0
-236.0
-131.0
197.0
491.0
-112.0
-205.0
-87.0
-98.0
-105.0
406.0
402.0
-77.0
-61.0
-1.0
-69.0
160.0
278.0
559.0
72.0
364.0
20.0
-85.0
-16.0
-113.0
-66.0
158.0
71.0
-96.0
-1.0
3.0
383.0
50.0
58.0
-78.0
197.0
470.0
-162.0
254.0
-26.0
-146.0
-52.0
-96.0
472.0
26.0
-174.0
-326.0
12.0
-204.0
265.0
10.0
447.0
-68.0
-137.0
168.0
-69.0
76.0
178.0
-371.0
184.0
426.0
134.0
328.0
42.0
349.0
29.0
194.0
-127.0
240.0
186.0
171.0
148.0
-210.0
-32.0
15.0
-140.0
-111.0
454.0
72.0
-39.0
462.0
501.0
22.0
338.0
223.0
169.0
263.0
-61.0
171.0
-177.0
391.0
39.0
76.0
307.0
166.0
436.0
526.0
472.0
508.0
420.0
-11.0
491.0
67.0
164.0
319.0
553.0
429.0
-93.0
-136.0
-143.0
-125.0
-11.0
477.0
518.0
-70.0
-117.0
-100.0
-26.0
385.0
454.0
5.0
130.0
-118.0
-86.0
470.0
400.0
477.0
-161.0
220.0
461.0
95.0
149.0
-138.0
377.0
-79.0
-11.0
-144.0
-1.0
26.0
255.0
524.0
-158.0
-100.0
5.0
-106.0
413.0
-188.0
-151.0
322.0
445.0
518.0
399.0
232.0
351.0
-93.0
-148.0
433.0
335.0
144.0
-107.0
532.0
54.0
-33.0
-161.0
-3.0
-116.0
470.0
396.0
450.0
-24.0
487.0
-184.0
477.0
379.0
432.0
206.0
380.0
276.0
201.0
137.0
-50.0
347.0
-98.0
485.0
12.0
369.0
29.0
-47.0
-51.0
48.0
420.0
386.0
410.0
40.0
-142.0
437.0
113.0
21.0
187.0
292.0
431.0
325.0
-8.0
286.0
351.0
-74.0
417.0
33.0
24.0
504.0
127.0
-178.0
421.0
435.0
433.0
52.0
-158.0
122.0
78.0
48.0
-29.0
-52.0
-148.0
475.0
267.0
462.0
-73.0
361.0
484.0
101.0
-53.0
395.0
91.0
528.0
-30.0
456.0
-115.0
-120.0
-93.0
393.0
-80.0
10.0
-38.0
73.0
13.0
359.0
-111.0
354.0
425.0
220.0
355.0
328.0
117.0
368.0
-107.0
-33.0
350.0
351.0
546.0
65.0
416.0
385.0
445.0
272.0
-18.0
404.0
291.0
396.0
416.0
2.0
504.0
515.0
-127.0
480.0
-152.0
511.0
223.0
415.0
486.0
396.0
-83.0
169.0
-113.0
418.0
341.0
468.0
400.0
323.0
71.0
-82.0
291.0
-152.0
348.0
49.0
111.0
99.0
-143.0
398.0
-35.0
454.0
-46.0
446.0
-28.0
453.0
415.0
490.0
441.0
495.0
-91.0
-147.0
132.0
497.0
-208.0
350.0
139.0
-177.0
-16.0
-81.0
-103.0
-165.0
-27.0
198.0
394.0
182.0
4.0
-125.0
37.0
499.0
-174.0
-82.0
240.0
434.0
359.0
-159.0
367.0
384.0
109.0
377.0
388.0
190.0
-98.0
306.0
0.0
353.0
419.0
570.0
43.0
484.0
-64.0
-140.0
22.0
102.0
102.0
520.0
481.0
38.0
490.0
-102.0
-116.0
59.0
1.0
388.0
533.0
388.0
258.0
67.0
385.0
121.0
125.0
24.0
-135.0
157.0
460.0
522.0
22.0
-59.0
-25.0
523.0
474.0
270.0
-163.0
230.0
419.0
409.0
491.0
420.0
66.0
440.0
462.0
389.0
478.0
201.0
467.0
167.0
493.0
17.0
403.0
412.0
-69.0
-74.0
-10.0
420.0
402.0
-54.0
76.0
133.0
8.0
-75.0
518.0
303.0
71.0
-62.0
500.0
435.0
254.0
78.0
494.0
95.0
-86.0
345.0
141.0
56.0
-76.0
-105.0
-47.0
443.0
445.0
504.0
501.0
-123.0
502.0
-77.0
-46.0
-104.0
32.0
431.0
399.0
-32.0
321.0
282.0
-46.0
273.0
-192.0
-144.0
130.0
20.0
304.0
391.0
-31.0
62.0
-152.0
160.0
177.0
58.0
380.0
133.0
433.0
-56.0
-48.0
562.0
249.0
397.0
508.0
566.0
-153.0
84.0
-50.0
-161.0
-35.0
224.0
248.0
-150.0
49.0
247.0
-68.0
562.0
413.0
-178.0
-97.0
-139.0
-96.0
485.0
521.0
32.0
371.0
118.0
-82.0
470.0
-147.0
-108.0
-28.0
490.0
469.0
-153.0
-150.0
522.0
-114.0
439.0
529.0
179.0
-73.0
422.0
-146.0
344.0
467.0
516.0
27.0
70.0
27.0
350.0
203.0
-32.0
10.0
144.0
-78.0
-61.0
283.0
86.0
218.0
135.0
344.0
113.0
487.0
82.0
83.0
323.0
444.0
493.0
457.0
373.0
-105.0
421.0
525.0
494.0
479.0
-41.0
487.0
-93.0
-61.0
95.0
452.0
-145.0
-136.0
474.0
-154.0
524.0
-150.0
503.0
544.0
188.0
433.0
258.0
449.0
219.0
467.0
-111.0
490.0
540.0
62.0
-31.0
40.0
222.0
-40.0
370.0
507.0
435.0
494.0
-53.0
512.0
491.0
95.0
-87.0
460.0
483.0
219.0
125.0
-96.0
-68.0
419.0
480.0
416.0
467.0
97.0
256.0
-40.0
182.0
99.0
423.0
438.0
341.0
-98.0
-81.0
19.0
87.0
124.0
183.0
-30.0
-18.0
458.0
322.0
501.0
45.0
70.0
-94.0
-14.0
-16.0
-53.0
134.0
493.0
41.0
-77.0
494.0
-16.0
21.0
150.0
530.0
30.0
375.0
73.0
438.0
410.0
553.0
532.0
427.0
-59.0
155.0
334.0
374.0
322.0
313.0
368.0
96.0
440.0
102.0
62.0
385.0
299.0
146.0
445.0
21.0
-12.0
505.0
-86.0
449.0
421.0
368.0
410.0
-46.0
378.0
439.0
401.0
544.0
-44.0
-7.0
-11.0
182.0
139.0
472.0
471.0
505.0
-112.0
-7.0
-76.0
-49.0
533.0
163.0
320.0
382.0
440.0
44.0
435.0
308.0
514.0
403.0
505.0
-180.0
507.0
-85.0
-174.0
52.0
148.0
526.0
-21.0
459.0
265.0
534.0
350.0
534.0
462.0
502.0
-117.0
-124.0
130.0
71.0
432.0
-130.0
-54.0
541.0
405.0
83.0
-39.0
513.0
447.0
457.0
447.0
538.0
237.0
419.0
506.0
431.0
461.0
188.0
488.0
521.0
490.0
-118.0
571.0
480.0
453.0
-31.0
567.0
348.0
396.0
463.0
517.0
539.0
503.0
546.0
35.0
503.0
-128.0
149.0
247.0
-33.0
443.0
116.0
67.0
344.0
313.0
539.0
518.0
406.0
74.0
218.0
-174.0
480.0
-116.0
536.0
-19.0
475.0
302.0
-10.0
470.0
196.0
466.0
139.0
541.0
405.0
162.0
-105.0
66.0
413.0
564.0
-25.0
116.0
464.0
-46.0
17.0
504.0
272.0
503.0
135.0
548.0
-61.0
586.0
12.0
-81.0
515.0
423.0
-13.0
419.0
562.0
-17.0
-152.0
555.0
507.0
266.0
537.0
573.0
41.0
-60.0
496.0
508.0
478.0
585.0
265.0
-73.0
576.0
87.0
581.0
479.0
109.0
544.0
508.0
590.0
557.0
551.0
126.0
535.0
611.0
556.0
512.0
-196.0
540.0
-4.0
145.0
576.0
-115.0
571.0
527.0
12.0
499.0
241.0
467.0
516.0
242.0
559.0
15.0
511.0
264.0
-65.0
508.0
476.0
523.0
577.0
543.0
74.0
70.0
320.0
531.0
540.0
163.0
338.0
-90.0
40.0
40.0
479.0
-96.0
521.0
91.0
574.0
545.0
433.0
7.0
-84.0
492.0
511.0
233.0
570.0
500.0
542.0
509.0
602.0
275.0
155.0
392.0
-47.0
-142.0
196.0
523.0
-23.0
222.0
424.0
237.0
-30.0
340.0
224.0
315.0
532.0
300.0
554.0
-28.0
256.0
512.0
-59.0
548.0
530.0
191.0
161.0
339.0
528.0
531.0
500.0
-79.0
431.0
182.0
-57.0
209.0
614.0
-137.0
-44.0
494.0
172.0
538.0
505.0
107.0
532.0
488.0
587.0
177.0
22.0
-198.0
486.0
-118.0
-13.0
478.0
-42.0
589.0
514.0
429.0
26.0
629.0
123.0
525.0
436.0
477.0
11.0
455.0
250.0
-57.0
16.0
398.0
-63.0
475.0
38.0
-43.0
340.0
419.0
149.0
154.0
-12.0
448.0
112.0
-4.0
54.0
223.0
-159.0
499.0
491.0
-4.0
-111.0
398.0
108.0
574.0
533.0
614.0
258.0
532.0
370.0
376.0
-39.0
379.0
47.0
544.0
-57.0
103.0
602.0
423.0
520.0
140.0
-111.0
162.0
277.0
535.0
482.0
544.0
117.0
526.0
480.0
292.0
530.0
498.0
150.0
532.0
596.0
458.0
386.0
138.0
506.0
413.0
523.0
-113.0
71.0
553.0
-136.0
461.0
146.0
236.0
241.0
135.0
169.0
547.0
546.0
587.0
445.0
110.0
520.0
-80.0
247.0
137.0
551.0
534.0
451.0
541.0
409.0
533.0
-50.0
3.0
360.0
84.0
415.0
161.0
-40.0
136.0
357.0
493.0
444.0
499.0
529.0
395.0
537.0
-109.0
512.0
415.0
-155.0
592.0
-150.0
423.0
-170.0
618.0
493.0
494.0
535.0
72.0
488.0
580.0
556.0
618.0
148.0
206.0
591.0
223.0
-79.0
-13.0
414.0
-74.0
510.0
191.0
420.0
519.0
-57.0
30.0
132.0
529.0
119.0
582.0
86.0
-65.0
487.0
72.0
246.0
-100.0
480.0
250.0
483.0
237.0
580.0
25.0
554.0
-74.0
560.0
605.0
502.0
558.0
563.0
-61.0
456.0
-102.0
581.0
556.0
616.0
33.0
90.0
497.0
531.0
-16.0
500.0
-48.0
473.0
149.0
514.0
95.0
429.0
149.0
-93.0
244.0
546.0
206.0
17.0
116.0
-33.0
336.0
468.0
-28.0
-155.0
111.0
467.0
498.0
604.0
521.0
510.0
286.0
549.0
488.0
495.0
167.0
108.0
190.0
483.0
591.0
439.0
227.0
447.0
61.0
-75.0
-35.0
610.0
497.0
49.0
328.0
407.0
505.0
634.0
554.0
559.0
239.0
-84.0
170.0
-133.0
235.0
148.0
-50.0
533.0
471.0
259.0
20.0
489.0
21.0
38.0
295.0
578.0
351.0
192.0
63.0
196.0
76.0
167.0
296.0
500.0
559.0
-132.0
-34.0
-28.0
473.0
483.0
568.0
508.0
-108.0
-94.0
-55.0
484.0
-64.0
6.0
413.0
46.0
579.0
450.0
484.0
542.0
107.0
30.0
522.0
557.0
197.0
-77.0
399.0
602.0
-85.0
535.0
528.0
-19.0
240.0
512.0
489.0
555.0
-87.0
9.0
522.0
-93.0
-133.0
367.0
62.0
410.0
250.0
589.0
507.0
278.0
451.0
-58.0
518.0
400.0
519.0
516.0
508.0
22.0
75.0
-77.0
559.0
259.0
85.0
175.0
462.0
567.0
498.0
496.0
457.0
569.0
215.0
549.0
452.0
6.0
-127.0
-59.0
545.0
-14.0
403.0
377.0
460.0
-61.0
514.0
569.0
437.0
197.0
118.0
52.0
488.0
579.0
489.0
534.0
430.0
523.0
454.0
133.0
487.0
561.0
217.0
487.0
522.0
-37.0
325.0
510.0
456.0
556.0
68.0
382.0
423.0
469.0
460.0
538.0
480.0
209.0
300.0
554.0
425.0
556.0
-81.0
518.0
496.0
517.0
468.0
467.0
542.0
480.0
57.0
25.0
358.0
508.0
430.0
-49.0
404.0
574.0
153.0
480.0
476.0
525.0
108.0
570.0
84.0
-61.0
218.0
491.0
153.0
455.0
542.0
519.0
380.0
585.0
-73.0
521.0
456.0
426.0
468.0
479.0
436.0
441.0
498.0
565.0
524.0
548.0
399.0
457.0
422.0
467.0
220.0
491.0
457.0
498.0
420.0
-77.0
180.0
231.0
504.0
90.0
83.0
226.0
84.0
69.0
556.0
551.0
547.0
438.0
238.0
457.0
522.0
176.0
332.0
563.0
376.0
593.0
456.0
167.0
258.0
496.0
466.0
361.0
491.0
512.0
582.0
588.0
498.0
597.0
480.0
-21.0
565.0
397.0
16.0
583.0
572.0
60.0
18.0
299.0
364.0
522.0
-124.0
525.0
46.0
271.0
530.0
514.0
349.0
503.0
487.0
525.0
536.0
542.0
339.0
344.0
490.0
40.0
238.0
555.0
621.0
542.0
173.0
473.0
481.0
548.0
499.0
616.0
537.0
-11.0
543.0
31.0
463.0
588.0
571.0
154.0
-32.0
503.0
-73.0
-29.0
499.0
-66.0
511.0
548.0
-140.0
23.0
446.0
575.0
21.0
76.0
387.0
325.0
-159.0
506.0
497.0
559.0
474.0
446.0
525.0
536.0
-82.0
464.0
452.0
420.0
330.0
492.0
46.0
46.0
443.0
59.0
126.0
402.0
451.0
434.0
495.0
-117.0
472.0
633.0
108.0
445.0
390.0
18.0
297.0
514.0
511.0
4.0
129.0
542.0
65.0
-2.0
-142.0
-13.0
330.0
519.0
503.0
489.0
464.0
158.0
554.0
-62.0
591.0
538.0
70.0
9.0
392.0
571.0
298.0
585.0
-65.0
363.0
293.0
67.0
481.0
526.0
553.0
393.0
326.0
533.0
615.0
517.0
4.0
34.0
384.0
490.0
548.0
489.0
435.0
479.0
22.0
84.0
406.0
143.0
1.0
425.0
4.0
212.0
495.0
541.0
582.0
177.0
67.0
479.0
14.0
543.0
9.0
514.0
37.0
625.0
493.0
-143.0
195.0
-40.0
-73.0
167.0
508.0
77.0
42.0
359.0
422.0
-81.0
496.0
502.0
-69.0
512.0
441.0
218.0
217.0
576.0
-7.0
278.0
164.0
-91.0
518.0
247.0
484.0
419.0
-141.0
255.0
203.0
553.0
412.0
447.0
605.0
472.0
254.0
89.0
489.0
475.0
289.0
19.0
-51.0
44.0
-50.0
569.0
549.0
497.0
139.0
-142.0
606.0
495.0
546.0
383.0
156.0
520.0
553.0
499.0
288.0
552.0
-134.0
466.0
160.0
606.0
416.0
157.0
-138.0
-4.0
301.0
516.0
506.0
-55.0
440.0
572.0
484.0
468.0
450.0
106.0
469.0
569.0
576.0
-44.0
67.0
174.0
528.0
503.0
542.0
472.0
536.0
530.0
538.0
500.0
103.0
2.0
134.0
424.0
514.0
445.0
490.0
106.0
545.0
-81.0
240.0
492.0
488.0
79.0
490.0
478.0
241.0
552.0
-2.0
303.0
100.0
548.0
526.0
5.0
514.0
140.0
512.0
552.0
32.0
596.0
449.0
-20.0
198.0
26.0
429.0
-92.0
-31.0
6.0
408.0
29.0
-54.0
-3.0
130.0
606.0
392.0
239.0
541.0
239.0
543.0
-160.0
530.0
517.0
-96.0
528.0
440.0
576.0
-85.0
468.0
463.0
575.0
-58.0
-160.0
43.0
-32.0
457.0
238.0
304.0
609.0
163.0
610.0
554.0
8.0
454.0
424.0
554.0
478.0
572.0
103.0
155.0
53.0
495.0
530.0
250.0
75.0
499.0
265.0
-6.0
489.0
-134.0
-144.0
-50.0
58.0
597.0
605.0
446.0
364.0
-75.0
531.0
-87.0
204.0
513.0
-8.0
21.0
533.0
256.0
319.0
-133.0
94.0
376.0
489.0
315.0
555.0
301.0
521.0
-15.0
628.0
466.0
281.0
424.0
236.0
-22.0
511.0
484.0
401.0
84.0
565.0
300.0
269.0
224.0
600.0
508.0
149.0
-145.0
-60.0
37.0
595.0
502.0
484.0
566.0
367.0
562.0
483.0
525.0
180.0
615.0
189.0
317.0
548.0
33.0
-77.0
-32.0
60.0
465.0
324.0
-58.0
-102.0
43.0
502.0
-84.0
567.0
500.0
124.0
524.0
140.0
-26.0
516.0
-9.0
380.0
514.0
486.0
142.0
-78.0
167.0
413.0
503.0
-151.0
516.0
581.0
540.0
-103.0
571.0
31.0
-47.0
280.0
-133.0
-133.0
555.0
551.0
477.0
146.0
279.0
483.0
333.0
474.0
46.0
273.0
580.0
169.0
514.0
-38.0
208.0
385.0
543.0
-103.0
552.0
549.0
356.0
583.0
140.0
524.0
6.0
573.0
58.0
291.0
598.0
486.0
380.0
566.0
89.0
398.0
36.0
384.0
268.0
133.0
464.0
191.0
79.0
508.0
170.0
574.0
579.0
465.0
15.0
531.0
67.0
238.0
14.0
568.0
494.0
86.0
516.0
546.0
-142.0
542.0
117.0
84.0
608.0
614.0
54.0
-55.0
11.0
86.0
377.0
548.0
532.0
527.0
78.0
495.0
547.0
574.0
377.0
-75.0
124.0
116.0
498.0
515.0
131.0
585.0
540.0
142.0
441.0
573.0
542.0
497.0
178.0
253.0
105.0
10.0
207.0
-144.0
51.0
146.0
157.0
540.0
616.0
-145.0
-14.0
561.0
550.0
10.0
99.0
225.0
515.0
211.0
485.0
43.0
543.0
550.0
-163.0
315.0
273.0
581.0
547.0
220.0
449.0
452.0
483.0
588.0
-32.0
575.0
93.0
560.0
-176.0
224.0
493.0
197.0
126.0
621.0
-165.0
1.0
518.0
541.0
517.0
490.0
524.0
-141.0
479.0
143.0
484.0
527.0
455.0
-150.0
9.0
76.0
535.0
526.0
399.0
573.0
530.0
540.0
60.0
474.0
529.0
136.0
481.0
558.0
-28.0
-62.0
314.0
584.0
122.0
-67.0
524.0
504.0
-44.0
554.0
545.0
486.0
-91.0
269.0
247.0
-35.0
499.0
89.0
54.0
28.0
491.0
52.0
553.0
83.0
516.0
126.0
501.0
87.0
465.0
-144.0
457.0
382.0
-454.0
-158.0
-245.0
-6.0
-155.0
346.0
476.0
27.0
306.0
417.0
57.0
144.0
346.0
-92.0
1.0
559.0
-65.0
374.0
164.0
554.0
208.0
-11.0
401.0
102.0
398.0
197.0
550.0
548.0
-40.0
520.0
321.0
532.0
575.0
395.0
462.0
271.0
277.0
167.0
154.0
429.0
-154.0
-26.0
213.0
516.0
499.0
521.0
458.0
15.0
372.0
588.0
478.0
587.0
80.0
587.0
-110.0
460.0
555.0
-87.0
492.0
499.0
541.0
498.0
499.0
412.0
156.0
506.0
516.0
344.0
507.0
-185.0
485.0
529.0
470.0
103.0
450.0
517.0
122.0
415.0
513.0
-139.0
522.0
458.0
579.0
433.0
135.0
541.0
5.0
31.0
517.0
558.0
458.0
-145.0
534.0
399.0
151.0
492.0
359.0
224.0
537.0
269.0
38.0
571.0
-36.0
456.0
546.0
23.0
328.0
215.0
114.0
-76.0
48.0
519.0
81.0
481.0
131.0
472.0
-107.0
292.0
444.0
606.0
558.0
-46.0
423.0
149.0
-11.0
496.0
591.0
-78.0
220.0
-11.0
138.0
426.0
5.0
148.0
121.0
234.0
20.0
533.0
261.0
550.0
503.0
453.0
251.0
275.0
604.0
-72.0
-79.0
449.0
222.0
500.0
491.0
506.0
546.0
276.0
90.0
116.0
193.0
42.0
517.0
161.0
-100.0
322.0
545.0
528.0
426.0
51.0
-149.0
551.0
416.0
245.0
444.0
464.0
104.0
179.0
542.0
-25.0
305.0
13.0
562.0
506.0
452.0
503.0
159.0
450.0
463.0
-125.0
480.0
567.0
501.0
378.0
503.0
480.0
-28.0
617.0
-103.0
558.0
-15.0
381.0
4.0
94.0
488.0
519.0
454.0
-30.0
-173.0
524.0
305.0
542.0
428.0
473.0
425.0
536.0
417.0
542.0
409.0
440.0
620.0
45.0
-59.0
-180.0
488.0
-56.0
539.0
-25.0
562.0
366.0
522.0
639.0
578.0
598.0
-60.0
1.0
395.0
-113.0
364.0
-91.0
411.0
-64.0
391.0
-68.0
-73.0
315.0
512.0
496.0
523.0
436.0
475.0
-31.0
-36.0
497.0
532.0
62.0
245.0
153.0
464.0
232.0
582.0
546.0
98.0
420.0
212.0
159.0
512.0
470.0
1.0
504.0
522.0
462.0
110.0
38.0
385.0
-140.0
436.0
529.0
452.0
543.0
219.0
26.0
-71.0
527.0
538.0
492.0
552.0
618.0
-79.0
-54.0
251.0
448.0
550.0
570.0
477.0
511.0
502.0
494.0
542.0
547.0
3.0
-66.0
-23.0
340.0
12.0
495.0
545.0
438.0
323.0
455.0
553.0
-53.0
51.0
496.0
132.0
108.0
470.0
-90.0
568.0
280.0
540.0
386.0
102.0
424.0
511.0
390.0
451.0
563.0
551.0
485.0
210.0
531.0
552.0
349.0
550.0
500.0
-109.0
327.0
19.0
292.0
542.0
570.0
110.0
379.0
562.0
159.0
39.0
13.0
261.0
29.0
501.0
442.0
473.0
547.0
-34.0
479.0
433.0
361.0
517.0
18.0
533.0
443.0
105.0
571.0
165.0
440.0
546.0
444.0
54.0
166.0
473.0
503.0
-32.0
538.0
133.0
18.0
34.0
-88.0
390.0
372.0
578.0
-104.0
455.0
543.0
552.0
389.0
473.0
477.0
403.0
427.0
55.0
505.0
397.0
157.0
362.0
507.0
211.0
142.0
205.0
162.0
118.0
502.0
535.0
505.0
545.0
588.0
457.0
71.0
466.0
555.0
1.0
485.0
484.0
482.0
529.0
379.0
459.0
179.0
-16.0
529.0
75.0
398.0
165.0
614.0
533.0
548.0
109.0
1.0
454.0
454.0
532.0
44.0
-43.0
-104.0
296.0
446.0
162.0
303.0
-19.0
7.0
586.0
486.0
514.0
229.0
80.0
391.0
318.0
497.0
-29.0
423.0
472.0
-30.0
489.0
600.0
546.0
504.0
408.0
72.0
567.0
487.0
-66.0
566.0
556.0
483.0
459.0
52.0
416.0
601.0
319.0
448.0
267.0
454.0
-8.0
564.0
185.0
480.0
413.0
-80.0
514.0
573.0
411.0
448.0
496.0
507.0
467.0
-30.0
532.0
434.0
129.0
397.0
512.0
478.0
497.0
-31.0
466.0
-65.0
122.0
562.0
522.0
134.0
573.0
-66.0
431.0
320.0
525.0
425.0
566.0
-63.0
607.0
255.0
587.0
627.0
431.0
558.0
536.0
494.0
588.0
258.0
582.0
415.0
538.0
585.0
513.0
571.0
574.0
465.0
171.0
-151.0
587.0
526.0
-23.0
576.0
99.0
19.0
-93.0
7.0
-35.0
-7.0
230.0
42.0
256.0
270.0
493.0
-85.0
213.0
551.0
277.0
161.0
232.0
607.0
585.0
-45.0
493.0
633.0
560.0
94.0
531.0
597.0
9.0
553.0
165.0
98.0
313.0
556.0
422.0
560.0
-66.0
261.0
313.0
52.0
518.0
564.0
101.0
-71.0
-54.0
146.0
514.0
506.0
-32.0
616.0
120.0
321.0
535.0
535.0
557.0
283.0
582.0
155.0
541.0
100.0
583.0
-5.0
-174.0
-21.0
513.0
-79.0
539.0
-20.0
447.0
34.0
319.0
479.0
-65.0
555.0
536.0
548.0
130.0
0.0
-49.0
427.0
164.0
492.0
-29.0
443.0
522.0
537.0
498.0
594.0
506.0
545.0
482.0
420.0
227.0
287.0
471.0
-93.0
454.0
62.0
-50.0
-95.0
492.0
452.0
202.0
178.0
-155.0
58.0
557.0
153.0
77.0
183.0
162.0
565.0
414.0
101.0
521.0
518.0
33.0
-67.0
303.0
490.0
557.0
603.0
436.0
155.0
-62.0
283.0
209.0
437.0
499.0
343.0
31.0
-103.0
145.0
86.0
-71.0
492.0
474.0
549.0
513.0
565.0
-58.0
224.0
278.0
28.0
572.0
387.0
560.0
541.0
463.0
-57.0
512.0
505.0
50.0
-14.0
-94.0
321.0
653.0
560.0
301.0
313.0
499.0
584.0
-38.0
572.0
629.0
183.0
21.0
-56.0
429.0
-79.0
591.0
-78.0
288.0
143.0
514.0
-71.0
384.0
526.0
624.0
533.0
-26.0
313.0
560.0
134.0
281.0
534.0
-34.0
343.0
92.0
358.0
458.0
575.0
489.0
487.0
67.0
257.0
534.0
-84.0
523.0
522.0
-74.0
523.0
535.0
450.0
392.0
21.0
543.0
-60.0
550.0
-66.0
515.0
566.0
585.0
459.0
228.0
569.0
502.0
556.0
470.0
457.0
530.0
-119.0
318.0
457.0
548.0
-86.0
415.0
559.0
120.0
478.0
591.0
-148.0
202.0
-136.0
493.0
480.0
504.0
-45.0
191.0
541.0
539.0
387.0
75.0
70.0
559.0
286.0
448.0
62.0
466.0
566.0
9.0
-60.0
428.0
617.0
572.0
525.0
3.0
444.0
-97.0
145.0
387.0
512.0
409.0
545.0
106.0
477.0
66.0
220.0
-151.0
-61.0
149.0
560.0
510.0
98.0
-69.0
3.0
342.0
-92.0
523.0
424.0
529.0
550.0
31.0
177.0
518.0
400.0
63.0
106.0
-36.0
427.0
229.0
61.0
222.0
557.0
427.0
541.0
514.0
395.0
-53.0
468.0
-184.0
529.0
80.0
-79.0
104.0
-9.0
148.0
-77.0
510.0
-125.0
503.0
182.0
97.0
560.0
300.0
68.0
-75.0
156.0
123.0
206.0
507.0
489.0
56.0
529.0
-10.0
373.0
61.0
164.0
234.0
437.0
174.0
68.0
28.0
-136.0
456.0
-109.0
317.0
-44.0
115.0
135.0
489.0
433.0
502.0
11.0
464.0
411.0
158.0
454.0
112.0
-152.0
137.0
480.0
307.0
124.0
159.0
218.0
-63.0
151.0
400.0
-115.0
-117.0
-51.0
-32.0
3.0
-100.0
182.0
262.0
484.0
555.0
-51.0
255.0
56.0
-7.0
396.0
434.0
14.0
384.0
-5.0
413.0
477.0
232.0
540.0
124.0
222.0
236.0
91.0
-30.0
19.0
165.0
-65.0
-151.0
237.0
179.0
560.0
430.0
506.0
-51.0
187.0
103.0
394.0
484.0
-95.0
423.0
-94.0
448.0
78.0
365.0
-57.0
-70.0
274.0
252.0
480.0
18.0
558.0
-165.0
-52.0
505.0
174.0
191.0
329.0
14.0
388.0
64.0
110.0
-19.0
477.0
483.0
380.0
-54.0
612.0
63.0
98.0
407.0
483.0
-50.0
283.0
-71.0
-202.0
18.0
593.0
29.0
149.0
224.0
439.0
211.0
-38.0
362.0
561.0
82.0
400.0
-58.0
576.0
247.0
593.0
-63.0
-12.0
515.0
-66.0
258.0
-71.0
258.0
211.0
528.0
558.0
