203.05
202.24
203.29
202.3
202.87
202.87
202.75
203.03
202.95
44.92
89.69
12.26
116.09
110.85
204.06
4.57
118.7
203.62
71.73
179.76
59.51
87.51
203.65
206.51
83.38
83.06
158.09
133.92
27.57
27.03
45.1
115.32
121.97
148.22
60.65
26.84
73.28
56.89
28.41
51.66
50.13
28.57
122.9
130.19
49.94
100.28
106.14
22.0
113.72
24.89
113.99
70.1
105.4
38.75
23.93
23.62
77.68
35.77
34.89
46.37
84.45
40.28
32.47
25.61
26.34
204.06
36.91
75.13
75.65
18.38
29.04
16.46
61.56
92.41
21.57
193.74
21.95
47.23
38.4
132.17
17.46
44.77
40.35
72.8
16.28
138.94
58.29
44.42
21.54
45.02
83.63
72.34
176.24
102.0
49.26
51.94
152.74
30.06
23.98
53.58
54.08
79.29
44.86
15.97
16.87
66.8
47.64
157.02
186.07
57.07
126.55
174.86
39.5
28.5
11.84
34.77
41.61
205.07
92.08
40.7
12.87
73.62
28.92
209.1
66.41
24.83
31.54
19.92
84.48
86.77
30.06
57.48
18.01
106.65
36.18
149.32
48.92
49.73
17.03
41.94
192.6
58.72
22.85
38.04
111.92
213.36
34.49
22.76
30.14
26.85
12.28
35.2
210.35
33.66
84.65
47.08
75.89
17.18
121.24
34.72
20.5
50.67
30.75
21.66
16.01
15.76
24.82
34.85
45.58
35.65
21.01
12.54
14.86
18.64
10.99
11.01
17.23
51.78
13.92
12.96
47.94
153.32
75.19
50.15
21.78
13.25
87.49
24.09
17.78
15.61
11.02
24.87
47.94
15.64
21.94
11.15
39.85
36.53
82.64
90.48
73.37
9.35
39.78
34.85
51.83
149.59
15.44
46.31
54.97
28.69
25.17
10.0
96.02
22.58
136.13
58.38
20.5
15.85
18.28
8.22
9.0
35.57
10.5
141.44
65.72
40.17
9.61
35.47
35.13
36.15
20.18
45.21
173.03
41.18
17.18
61.32
32.55
95.35
39.83
58.68
115.73
109.19
36.7
20.55
32.05
38.44
65.46
34.25
117.39
92.76
77.23
172.58
48.66
49.59
35.85
111.16
111.67
112.42
82.79
99.3
95.65
117.56
18.25
129.9
30.89
46.93
95.44
67.98
52.03
111.49
98.7
22.37
74.16
85.72
106.38
111.01
103.6
103.9
123.11
67.12
14.88
13.42
107.71
11.04
26.49
8.02
43.45
47.33
109.54
89.5
7.77
43.77
11.19
17.82
8.67
24.82
90.45
117.55
122.26
16.04
9.78
17.06
97.96
32.84
27.14
110.09
50.95
24.88
8.6
57.67
51.2
126.02
66.14
115.76
86.65
101.47
58.92
11.94
76.05
17.13
87.74
78.9
8.64
113.31
33.92
108.49
29.48
98.18
51.55
52.18
18.15
16.79
36.62
29.68
106.82
110.65
8.23
104.8
9.71
29.82
62.11
25.94
99.33
45.43
97.64
102.18
103.07
108.25
62.35
80.28
116.87
49.32
36.25
90.44
51.1
83.19
76.65
109.43
136.3
18.5
34.74
101.53
58.01
121.03
102.26
114.42
8.62
14.11
47.41
98.75
42.21
70.82
55.43
127.96
68.65
9.7
117.5
11.34
10.46
12.65
76.63
78.5
68.85
8.69
76.28
156.61
20.86
57.05
63.62
27.39
22.81
123.14
62.22
29.36
122.95
10.35
9.1
111.93
103.71
106.64
8.49
58.8
114.19
104.79
121.6
29.61
47.58
114.67
19.46
29.72
7.87
107.56
127.1
108.49
45.99
74.71
25.32
33.22
16.48
11.17
45.65
54.73
70.02
105.51
133.33
96.48
110.83
12.08
67.17
44.0
42.69
63.57
29.91
124.21
111.53
50.46
98.39
69.24
153.72
23.35
67.14
23.94
78.24
45.45
83.27
157.11
135.28
175.17
121.63
57.44
104.83
142.18
112.02
36.49
63.06
60.82
27.85
112.16
88.42
66.87
171.67
104.34
64.78
19.72
161.81
140.35
112.65
14.77
125.62
56.48
68.71
133.07
153.78
115.4
7.94
12.49
60.38
49.87
93.34
62.53
32.99
126.54
125.85
10.93
39.06
19.01
135.04
85.13
19.89
10.91
15.32
55.12
92.91
139.16
98.48
10.0
125.87
44.65
32.59
7.84
51.56
15.53
12.57
95.14
73.61
94.08
35.82
143.81
79.75
29.81
28.31
134.72
10.76
58.45
23.27
88.71
61.51
44.19
18.99
9.98
41.19
20.42
7.42
156.2
78.11
78.7
7.21
55.3
85.92
8.74
63.45
20.86
78.61
41.78
45.86
21.05
103.74
81.31
28.89
7.73
16.58
18.63
9.03
16.19
77.3
80.21
19.82
132.97
50.82
39.11
129.54
78.89
152.92
77.91
35.26
140.56
60.36
49.91
44.12
7.54
109.64
165.86
22.43
28.36
44.46
27.92
10.45
102.3
76.17
85.83
135.42
123.77
30.82
8.84
16.9
26.08
48.24
27.15
8.85
40.16
64.89
7.9
48.98
93.17
135.42
26.74
94.05
52.18
30.2
32.81
82.09
131.26
49.48
126.95
29.8
86.19
22.72
18.81
29.58
35.53
94.03
84.44
123.76
16.17
36.52
22.98
33.89
96.08
113.14
16.47
67.81
28.2
70.9
35.77
62.26
89.62
33.85
31.85
7.45
37.15
137.88
26.93
15.75
8.43
22.9
125.39
140.83
48.46
152.68
180.58
15.29
7.17
48.66
52.35
57.09
31.46
21.06
94.76
32.33
45.96
22.91
23.98
23.39
27.4
30.13
27.67
109.39
10.91
45.61
28.74
83.46
9.48
10.31
65.71
8.48
63.75
8.23
139.69
45.38
132.1
23.76
72.67
68.09
141.81
35.42
23.7
64.26
77.0
13.91
46.85
43.64
104.39
73.85
50.03
36.91
18.06
131.3
44.2
69.96
104.35
50.38
37.66
18.56
14.97
92.45
14.69
21.1
19.24
141.08
71.57
110.14
14.87
75.3
71.0
145.25
116.6
117.07
36.64
27.74
22.97
43.28
142.7
114.26
33.21
18.24
46.23
106.04
15.99
8.64
59.52
97.36
35.68
8.46
78.28
56.37
23.78
82.85
19.05
70.75
42.44
106.08
77.07
122.67
142.72
100.54
161.97
177.95
43.78
31.05
71.26
147.18
20.2
187.76
50.8
114.05
190.77
93.33
157.71
62.31
32.81
210.96
147.67
124.36
64.34
210.79
124.67
83.93
150.85
102.99
30.59
212.73
89.88
114.77
124.05
52.64
142.96
80.91
33.65
184.43
34.82
76.0
11.7
132.48
104.6
65.8
44.44
66.45
60.92
87.1
26.38
175.62
94.19
129.24
172.15
197.31
19.0
18.05
130.37
66.16
44.87
29.52
74.09
63.13
53.33
50.83
120.78
98.63
125.48
19.49
10.97
103.65
54.21
51.9
149.05
48.24
137.38
119.31
169.29
75.85
98.46
26.78
177.12
99.4
73.4
133.39
66.38
51.88
161.04
123.76
104.11
135.23
194.52
95.6
25.76
38.63
169.2
103.25
29.03
127.9
117.28
77.43
139.12
160.95
21.33
105.24
131.11
58.09
53.33
35.35
127.2
126.56
126.27
126.97
111.91
84.76
107.54
134.5
140.37
14.04
130.59
69.27
59.65
133.36
128.95
119.08
149.6
25.73
138.87
124.77
153.94
140.15
80.02
107.77
95.56
105.22
67.76
209.53
142.39
72.13
16.12
17.89
106.49
82.54
45.19
103.05
39.33
114.33
129.61
20.59
9.38
31.38
138.72
112.82
15.28
71.46
48.1
124.23
84.93
142.52
29.86
118.71
147.35
25.17
13.36
14.78
101.74
48.15
13.37
124.03
161.84
123.77
134.69
150.46
92.96
20.13
140.19
21.5
32.47
18.38
121.55
20.59
140.1
95.02
10.34
46.28
45.98
28.6
12.59
46.24
115.39
96.16
13.66
98.39
29.28
80.81
124.03
59.26
50.08
9.13
65.29
153.04
34.17
20.24
16.15
90.1
15.56
127.64
21.55
75.68
140.11
32.72
30.34
132.85
34.67
20.33
51.37
17.89
16.8
56.7
19.53
124.3
105.53
21.22
105.45
83.39
76.11
44.18
84.54
44.89
29.45
17.31
47.74
24.07
49.76
141.3
156.9
32.82
30.34
123.68
65.31
55.75
20.82
12.3
32.41
43.26
24.29
14.29
85.97
8.57
42.21
125.99
76.45
130.27
126.78
125.56
40.16
91.21
41.26
69.33
132.2
118.18
82.94
55.86
86.35
143.98
73.52
38.35
117.55
13.62
37.07
124.94
10.89
13.6
19.0
38.87
109.3
43.34
102.92
117.67
132.98
118.03
49.86
96.25
138.39
147.65
141.95
52.74
108.39
96.87
106.51
16.9
11.28
110.48
17.59
91.37
104.35
90.16
108.11
8.39
93.64
122.13
91.87
154.01
41.16
116.84
102.08
132.02
60.42
13.63
30.17
128.06
27.84
45.51
27.63
82.64
78.88
60.92
82.78
42.62
168.66
72.31
49.99
140.42
124.7
19.84
21.86
38.89
126.25
23.06
101.55
24.7
110.45
103.86
17.53
113.9
52.03
115.54
36.98
25.01
106.28
142.21
67.44
111.0
44.1
120.08
126.78
61.37
23.37
48.04
74.94
116.23
24.66
82.71
104.65
120.63
45.98
62.48
98.78
20.03
120.24
95.2
48.8
119.79
66.75
136.28
14.58
128.13
138.54
76.18
50.84
111.1
41.37
11.05
145.87
44.65
17.53
52.21
43.07
74.71
32.44
18.21
134.95
132.4
32.83
35.58
13.09
78.13
134.28
60.05
96.81
14.14
136.09
94.25
141.5
128.08
126.97
30.66
134.9
138.4
14.5
48.26
107.88
78.99
120.04
48.74
24.06
55.94
143.1
51.99
34.72
119.3
10.26
129.45
126.68
127.96
7.18
40.09
42.78
14.96
74.69
123.06
20.89
28.94
52.08
120.64
53.64
124.42
66.01
130.46
135.48
138.09
39.26
33.08
24.38
23.39
118.19
61.84
38.3
109.99
27.22
24.46
10.54
25.19
91.42
9.91
76.79
62.04
60.0
11.36
77.48
123.83
39.34
138.42
62.63
30.19
123.75
14.23
40.29
120.94
34.59
86.1
32.67
141.44
111.76
13.42
109.34
65.76
112.88
146.54
26.16
28.96
26.74
55.77
106.25
96.32
35.69
69.15
55.48
16.61
104.48
48.69
44.14
68.72
9.52
95.52
56.75
41.74
102.17
16.1
29.93
136.75
128.79
62.27
99.73
135.49
140.83
118.52
68.79
49.04
113.59
114.97
34.9
65.56
109.56
100.83
47.07
112.15
132.65
64.63
128.16
24.13
112.19
11.29
111.7
122.07
66.47
144.77
103.53
74.62
75.43
115.33
58.81
48.64
49.36
64.44
121.26
24.2
110.54
119.3
36.4
116.45
36.13
9.61
130.83
143.33
100.33
123.54
117.33
113.89
106.65
123.27
52.99
53.29
120.99
27.95
118.39
10.22
158.96
73.67
87.48
11.96
24.63
28.82
119.07
104.72
131.17
112.9
48.85
10.51
156.29
31.76
27.17
12.78
90.52
62.74
24.37
33.92
49.24
102.16
22.49
137.74
21.95
43.23
69.12
33.35
63.55
35.45
48.43
100.58
28.11
80.89
73.86
92.42
102.08
127.93
196.4
25.74
159.28
123.71
48.83
60.5
71.17
48.34
17.21
84.86
23.18
160.78
40.28
130.17
208.21
165.51
141.43
23.82
21.32
69.61
55.36
131.22
38.8
25.99
78.53
100.33
86.01
101.0
133.54
118.85
89.33
136.67
99.86
97.68
21.02
116.92
125.39
117.53
123.46
11.47
59.64
145.99
9.78
65.98
134.7
63.05
107.83
85.52
49.83
17.04
9.96
31.36
16.51
9.83
111.01
43.06
106.75
176.3
150.81
56.28
106.23
128.59
114.09
69.51
121.79
117.75
32.57
65.48
33.42
84.32
110.37
79.7
117.81
57.78
75.78
141.64
126.93
114.45
23.19
126.73
60.85
15.76
41.38
25.67
38.98
39.34
42.1
24.24
28.38
111.59
138.01
128.5
30.15
54.52
113.49
82.89
96.29
118.3
11.73
127.28
113.05
92.71
115.77
116.08
9.53
24.51
85.1
120.94
9.05
132.22
9.84
55.79
121.97
128.93
111.91
132.26
30.58
61.27
43.64
23.86
17.79
120.11
55.18
43.8
85.91
37.12
120.94
60.08
25.17
77.84
17.62
90.94
77.58
124.85
143.18
138.04
120.92
143.95
69.62
29.69
111.32
135.75
32.88
132.14
7.71
121.69
8.43
58.73
62.11
8.22
78.89
142.56
8.89
82.59
132.93
27.31
48.95
66.09
30.05
86.78
119.13
111.65
143.77
29.32
63.25
12.6
57.59
15.78
70.01
88.89
92.08
11.29
9.6
22.46
37.55
117.12
62.09
78.03
37.22
134.43
22.45
48.83
122.75
87.58
109.03
45.27
28.14
112.45
74.84
31.61
37.87
65.0
39.57
26.24
120.8
32.46
179.59
48.7
109.01
104.85
80.27
117.79
63.41
25.65
76.45
30.8
13.86
60.52
144.75
67.09
142.78
95.73
62.71
158.24
15.98
156.59
98.34
18.8
18.55
54.34
15.24
166.58
51.81
30.47
27.2
155.36
45.86
83.8
50.28
112.86
49.54
20.68
99.66
109.05
131.25
93.76
74.48
84.9
134.78
119.62
66.75
67.22
66.12
21.39
38.9
113.01
42.17
108.44
13.37
159.36
127.87
26.82
87.12
110.13
114.99
45.99
70.05
89.28
121.46
121.14
26.36
96.12
62.57
17.19
22.46
46.17
119.54
110.87
37.19
70.35
56.12
71.13
82.69
112.82
88.59
114.58
96.22
60.28
17.81
125.42
9.65
29.53
14.14
13.95
140.24
87.72
112.52
14.43
110.81
67.49
14.81
49.22
95.77
20.76
130.72
103.99
33.52
94.12
100.32
109.44
121.57
54.29
122.81
17.66
98.85
30.74
128.63
140.44
103.04
103.47
122.71
111.64
116.73
55.04
78.67
101.82
47.01
65.45
74.4
117.29
123.7
85.95
106.25
70.99
123.86
40.66
30.97
25.81
19.27
80.03
70.23
113.37
134.5
84.7
65.24
45.54
73.45
120.53
106.71
88.78
90.44
85.16
39.15
123.29
77.95
120.52
53.55
18.54
16.15
31.99
95.82
117.0
116.53
125.43
122.3
144.29
48.6
119.91
110.91
163.8
89.55
131.77
40.84
115.52
159.09
77.9
25.59
124.65
12.78
113.87
113.15
9.57
144.81
135.11
143.19
132.57
137.18
125.71
152.23
36.29
122.2
51.55
43.58
141.68
125.92
116.93
17.75
26.1
67.04
107.44
39.1
137.37
84.74
23.17
85.49
99.45
63.31
125.85
120.52
134.24
24.87
22.15
119.73
124.92
92.06
27.46
15.26
75.65
130.28
43.48
139.85
131.58
52.18
117.86
139.75
49.98
122.2
69.52
57.59
17.34
50.43
98.74
56.42
86.41
57.31
30.05
11.41
13.36
10.31
28.24
119.97
103.21
56.24
10.93
116.81
10.51
115.76
18.5
85.56
119.32
84.72
107.23
14.85
103.12
12.66
47.58
18.98
98.05
117.52
33.3
37.13
114.23
44.57
30.16
22.08
121.61
32.8
112.2
14.62
63.98
10.85
34.35
27.92
39.29
131.62
12.06
79.31
102.2
33.15
150.47
11.45
29.93
119.78
10.63
42.65
28.92
110.05
132.85
51.88
28.52
41.92
73.17
121.3
126.08
95.45
28.67
107.38
14.72
125.2
117.57
107.47
103.52
65.88
71.78
116.42
105.93
81.36
103.77
112.03
31.76
31.28
75.29
105.43
121.03
16.3
126.34
91.31
158.5
116.84
79.71
125.63
118.26
64.99
16.37
118.39
36.0
145.16
131.06
89.88
61.16
51.64
10.84
90.18
122.23
57.76
89.9
131.28
89.97
29.1
114.04
22.01
136.84
112.09
101.43
79.57
28.45
122.13
10.63
122.01
109.54
110.76
134.32
122.39
25.05
36.71
12.68
108.05
92.96
135.58
19.1
118.18
141.95
49.6
88.61
58.78
107.95
120.85
41.79
66.81
94.01
31.73
102.97
24.56
24.65
19.21
117.07
64.47
57.93
63.55
128.0
118.34
140.06
28.93
158.1
33.39
52.5
88.4
86.01
115.17
31.31
50.31
48.37
124.83
50.36
13.77
8.84
129.86
15.19
70.66
120.3
84.31
116.64
135.79
21.14
41.98
137.08
80.57
120.43
23.34
114.15
77.69
96.88
41.89
124.54
20.9
111.75
51.58
10.86
94.35
72.81
69.23
62.38
18.22
126.85
115.6
9.45
91.05
51.76
119.2
113.91
14.1
122.89
86.54
116.39
21.95
13.02
151.8
118.69
26.6
120.8
65.87
57.48
125.27
122.83
9.55
136.06
128.48
119.79
28.07
49.92
132.79
27.55
65.01
73.97
100.94
22.63
81.91
124.13
115.3
49.42
38.05
55.1
127.07
123.25
41.08
35.35
116.33
152.2
34.23
25.96
103.56
172.28
163.36
52.93
135.05
56.55
130.18
40.16
91.44
96.54
53.9
154.55
151.14
166.45
46.58
29.38
67.6
29.0
27.13
22.12
123.67
60.1
46.04
29.05
29.84
9.23
17.9
122.59
126.39
118.38
129.26
69.97
88.1
49.73
96.84
114.94
107.28
123.97
81.76
72.66
62.77
95.09
40.68
158.08
108.73
52.44
28.43
47.21
43.84
105.79
114.41
46.31
63.89
40.59
21.41
37.49
128.65
125.22
38.23
15.62
66.65
59.36
96.36
160.09
101.45
159.42
142.17
40.51
124.33
27.61
25.69
16.15
99.53
95.7
21.3
41.9
44.98
132.39
56.88
96.38
17.79
90.94
122.15
14.23
121.59
50.76
32.41
34.93
58.06
120.63
164.67
14.86
130.45
103.61
41.75
123.37
83.37
127.35
16.36
48.41
100.5
16.83
96.2
96.13
92.69
95.12
128.97
83.01
151.9
59.59
147.66
60.17
114.25
27.58
81.91
135.61
119.72
105.32
104.21
52.79
42.86
9.9
22.69
123.42
95.11
32.03
123.69
116.05
127.09
142.75
108.4
99.88
121.88
35.89
52.69
37.04
140.84
60.79
134.51
156.36
142.87
131.28
108.88
121.18
112.02
135.34
69.69
115.73
75.78
99.91
91.4
104.09
130.43
41.99
68.68
11.24
29.18
70.32
120.55
112.42
60.2
25.6
23.26
29.59
135.27
126.51
85.31
64.97
26.73
20.58
119.58
138.06
120.88
15.05
124.73
122.76
49.08
100.32
10.02
137.23
62.33
47.02
10.77
132.12
57.13
120.28
105.51
33.52
61.99
62.72
23.54
127.18
37.94
11.36
107.34
122.33
109.13
132.39
125.18
145.02
62.67
31.23
128.29
147.25
79.14
44.17
108.09
98.83
72.49
13.32
88.99
26.25
120.61
136.59
121.34
28.4
116.79
18.47
120.31
138.99
124.69
168.41
139.52
95.23
131.56
101.06
12.95
103.33
22.24
114.73
124.21
136.24
79.46
32.37
32.6
55.3
125.24
134.4
128.86
73.41
29.86
124.58
126.63
41.17
49.3
92.42
125.66
146.14
67.03
113.9
140.5
17.4
129.04
59.61
39.21
111.78
103.35
17.1
127.26
123.82
124.28
92.48
12.45
174.13
71.16
51.53
46.2
116.72
32.53
117.81
95.87
119.36
36.87
137.43
114.38
85.77
34.45
130.46
69.04
102.66
29.61
121.78
25.92
23.57
21.29
130.62
18.22
105.22
30.22
93.54
41.44
139.14
44.96
141.95
127.38
105.71
140.02
139.82
85.32
136.77
20.54
90.35
141.27
142.13
102.86
68.68
129.32
135.68
123.7
154.61
48.7
130.06
152.65
132.61
128.45
44.05
113.01
110.66
27.76
115.52
49.11
110.11
127.94
124.11
113.86
134.2
39.36
75.06
23.07
128.04
142.97
118.29
130.7
148.6
72.34
58.67
151.87
32.78
139.77
70.91
84.77
68.13
30.2
133.5
51.1
120.78
32.89
122.01
28.95
121.83
127.5
113.95
123.6
112.59
20.49
31.01
123.41
111.93
38.69
141.51
141.77
15.54
25.6
56.88
23.16
14.11
90.42
171.59
130.75
70.08
83.07
27.15
38.05
112.9
79.5
18.64
125.17
127.09
142.31
12.89
139.83
131.04
107.68
136.41
130.95
133.77
42.88
109.33
23.38
142.04
126.3
98.69
57.55
115.8
15.29
9.48
19.38
66.03
65.01
108.28
115.57
77.66
114.52
43.68
47.11
54.71
43.38
135.2
106.86
134.69
99.77
32.42
132.97
106.34
122.44
61.1
8.48
75.25
119.95
109.85
40.93
14.43
29.5
108.7
115.57
114.54
14.14
104.85
129.93
131.35
115.96
127.06
74.71
125.66
119.38
136.01
117.44
112.08
119.83
96.27
116.13
42.01
130.09
129.86
16.31
17.28
25.9
129.08
132.4
34.64
49.66
103.86
40.81
17.27
105.97
93.16
94.41
56.28
112.94
123.84
100.82
29.64
114.39
67.97
19.53
145.17
60.68
76.51
36.53
65.69
31.42
123.09
123.35
107.84
112.56
70.61
112.4
40.09
54.79
24.17
38.97
126.26
134.91
114.78
148.46
157.68
216.57
160.09
178.23
10.68
82.49
63.11
150.71
134.65
29.24
74.28
11.08
119.69
173.9
73.93
134.45
61.39
125.14
78.39
33.06
104.36
75.61
136.09
111.48
101.63
12.62
29.16
12.87
11.09
29.99
65.1
103.22
11.29
100.89
121.93
16.35
99.52
125.95
17.25
21.17
9.66
19.02
118.78
111.32
75.79
136.51
63.92
19.24
117.81
10.57
22.29
28.26
113.35
117.54
10.05
49.66
107.61
46.9
125.65
104.83
114.54
15.62
125.99
27.58
139.79
120.26
109.67
60.08
72.45
37.23
137.27
105.77
72.41
21.58
79.4
18.24
14.82
115.98
47.86
85.09
80.82
144.23
43.85
116.42
48.69
49.71
147.35
123.94
112.45
120.9
139.19
22.72
125.52
105.82
113.59
115.88
31.71
114.65
41.24
14.69
47.26
119.47
10.07
8.65
115.98
11.51
108.04
52.77
111.21
102.54
70.44
123.13
98.77
123.71
127.55
117.08
60.27
111.68
102.84
73.12
30.29
58.13
105.84
31.32
136.75
112.2
124.18
112.11
13.43
108.52
114.58
89.44
19.9
119.89
116.42
84.56
81.8
22.13
37.02
125.96
114.06
128.35
120.42
67.3
98.8
71.53
90.89
67.3
128.48
122.13
144.75
22.13
39.06
40.34
69.77
62.85
113.89
127.7
25.27
120.92
145.57
112.37
57.72
55.68
22.37
49.3
72.75
56.41
87.94
115.26
60.66
18.18
118.98
27.64
124.6
102.8
111.38
40.68
145.03
51.07
134.1
133.43
107.32
111.41
132.24
15.16
147.24
151.01
140.43
145.33
156.22
146.23
50.03
132.78
70.8
34.82
136.73
118.85
60.62
125.49
110.66
50.58
118.96
20.14
131.25
133.19
147.5
137.42
35.95
139.71
131.01
141.4
110.96
33.51
27.64
22.81
100.09
105.78
127.2
119.46
118.52
25.2
46.7
17.79
34.12
112.5
102.2
155.68
142.88
124.12
82.64
132.31
94.3
119.16
139.49
120.06
17.61
120.29
19.54
59.83
59.11
85.44
113.89
51.7
131.93
125.7
115.82
149.55
115.68
121.59
120.04
26.3
25.82
111.07
77.59
138.34
28.68
58.62
111.79
132.78
95.35
50.93
119.18
137.99
131.76
138.28
117.98
87.81
138.1
113.98
134.46
131.26
98.99
125.03
118.03
124.72
28.11
107.3
126.34
125.34
50.74
105.44
155.85
144.72
130.54
118.24
112.79
117.87
113.88
80.66
121.3
27.45
126.98
109.74
30.7
133.42
68.93
55.93
157.06
150.48
111.76
114.96
142.98
100.34
69.0
15.08
125.99
27.35
111.6
27.33
128.26
96.46
27.52
127.63
49.76
127.28
86.91
111.29
144.13
98.44
24.52
56.26
139.95
105.76
29.77
90.03
126.84
36.3
65.28
113.02
100.72
121.12
111.87
110.17
15.49
104.9
43.46
20.0
116.94
129.64
51.19
139.89
106.85
49.57
12.63
111.78
119.29
81.58
111.36
100.43
16.22
15.77
119.86
115.46
126.11
106.14
100.99
18.94
105.37
47.64
104.47
123.19
69.49
112.73
118.49
101.29
111.8
109.42
91.32
107.16
96.82
109.83
118.99
18.48
114.16
25.47
39.59
103.73
27.85
98.49
115.81
23.16
121.05
85.93
126.0
115.71
130.8
108.63
44.52
111.51
105.1
38.09
116.17
125.74
116.95
105.91
112.29
78.05
54.54
86.67
112.31
112.22
78.7
111.03
20.39
38.27
39.38
123.57
42.97
109.14
94.24
105.82
110.08
135.94
45.75
20.16
121.84
119.25
64.43
101.03
121.42
108.19
118.19
99.05
81.08
59.82
141.48
33.21
10.2
68.92
115.14
73.31
65.15
134.3
87.03
31.28
106.83
91.15
156.96
107.59
115.78
105.01
30.35
81.74
116.82
34.7
110.57
114.48
73.76
140.12
150.17
114.44
112.88
119.33
18.83
132.35
52.64
14.57
92.6
90.87
9.28
11.61
118.6
77.62
112.38
120.11
90.47
111.1
119.72
95.92
98.01
20.92
19.96
121.09
26.75
27.52
121.38
34.1
102.32
111.08
131.45
42.35
91.56
110.03
114.49
129.75
123.01
45.11
127.79
101.05
14.09
42.86
137.3
35.21
121.72
38.48
31.88
108.17
133.92
57.16
102.53
26.4
125.13
89.51
24.5
57.9
87.19
13.69
117.42
111.92
69.56
25.03
139.71
46.61
99.87
110.13
95.78
100.15
110.95
137.5
141.34
32.67
100.16
35.51
107.86
58.88
68.14
96.01
130.15
108.39
59.67
24.56
35.15
76.94
110.68
121.38
107.46
43.99
111.36
115.5
93.72
108.21
117.85
78.84
110.63
97.83
124.3
134.93
79.97
109.25
133.4
108.66
25.51
52.36
102.57
51.13
116.91
57.76
163.11
80.18
59.79
111.56
102.59
104.42
96.23
121.26
66.01
107.64
18.62
118.56
39.28
102.65
106.86
120.75
102.61
127.08
107.13
55.68
22.74
138.0
91.87
128.31
55.83
32.6
39.07
139.35
112.57
123.43
112.27
105.74
132.53
106.1
45.49
109.07
127.22
10.85
94.51
11.48
123.28
15.22
90.12
115.15
112.85
105.67
30.47
114.97
96.19
102.0
88.03
95.87
89.59
94.32
127.2
18.96
26.92
126.21
17.57
111.11
85.12
122.1
109.82
75.46
37.42
81.75
105.21
42.59
96.75
68.95
15.74
114.02
73.02
116.99
20.54
117.09
79.34
114.59
104.07
95.31
97.84
100.64
17.14
100.87
90.38
113.05
100.65
100.91
15.12
119.17
21.35
94.77
101.46
89.31
57.26
46.66
112.83
106.41
27.22
112.46
12.29
117.12
76.17
110.33
47.05
125.32
119.83
42.26
120.09
104.4
85.95
20.31
64.74
29.61
104.38
118.74
29.6
11.79
86.28
118.37
111.67
89.76
109.77
109.83
110.09
102.33
115.92
111.18
52.5
66.36
70.21
113.45
95.29
124.14
125.8
122.04
32.86
17.49
30.29
91.5
112.24
76.36
104.92
91.72
112.37
86.2
100.47
99.8
102.49
19.7
123.15
7.9
122.34
57.93
33.3
106.87
118.7
95.84
57.6
113.7
39.89
36.15
70.98
95.53
134.88
71.18
51.22
45.27
51.0
74.26
91.85
110.87
102.12
7.98
50.52
29.37
113.27
115.87
96.6
109.96
24.26
20.81
13.5
116.69
32.83
85.35
127.98
34.28
97.95
114.42
113.95
103.99
65.27
37.89
108.9
99.03
109.89
18.28
133.6
91.63
19.67
104.91
108.25
27.58
60.39
109.92
113.88
99.25
41.2
42.48
106.67
19.77
8.0
133.42
31.03
124.42
58.16
95.41
111.95
74.95
121.94
13.77
109.29
133.96
109.91
105.54
111.73
40.53
72.07
37.22
101.95
116.93
70.46
94.93
120.34
99.47
114.34
109.81
119.82
99.87
86.96
101.08
123.59
22.09
25.85
35.61
102.93
26.71
128.74
136.37
122.15
14.54
109.83
99.3
124.34
87.33
64.04
34.81
113.85
95.21
113.35
104.65
125.94
106.85
122.17
82.0
114.36
100.27
63.99
116.18
106.21
50.57
104.46
107.21
119.27
99.23
52.8
133.41
125.18
116.97
121.12
102.23
113.92
105.7
89.16
102.43
123.14
99.83
18.31
107.58
114.06
105.6
119.08
116.05
105.0
114.46
72.68
38.44
80.13
108.05
125.59
12.18
129.92
99.23
77.8
115.49
118.92
106.38
88.46
98.59
110.51
14.17
63.56
112.8
56.45
120.43
104.63
108.76
127.29
95.26
73.82
104.9
122.18
125.89
118.62
115.47
118.26
120.3
112.52
98.43
107.83
102.21
124.78
119.12
125.0
116.69
105.08
112.58
121.24
112.07
126.11
17.18
50.24
81.49
111.07
46.15
47.58
78.74
68.26
51.16
102.15
100.75
103.72
121.0
78.94
120.09
108.33
114.95
101.23
100.57
136.56
93.08
118.91
76.56
97.9
110.24
112.29
140.06
115.48
110.88
94.83
91.61
111.85
94.92
114.91
49.27
98.54
133.35
20.35
95.17
98.88
45.03
19.34
112.09
79.11
105.66
45.62
104.4
35.64
94.99
106.01
107.0
137.81
110.89
115.11
106.68
106.05
100.07
99.43
142.29
113.69
55.97
98.72
102.73
90.61
105.89
92.48
114.88
115.71
99.1
112.34
88.58
102.74
25.28
104.08
35.44
117.43
95.04
97.74
56.65
45.98
108.1
36.4
29.36
109.07
15.83
108.06
101.26
8.56
18.78
121.67
95.61
39.66
89.27
132.69
105.83
30.89
108.87
113.2
100.67
118.08
121.93
103.11
105.77
40.17
111.45
119.83
129.93
85.62
109.13
88.28
33.96
121.3
33.68
39.76
131.01
121.67
121.01
114.45
25.98
116.36
83.83
63.64
123.38
130.45
53.56
68.85
109.72
110.78
62.96
60.44
102.77
29.94
23.96
30.07
26.36
106.38
108.31
112.08
109.12
119.59
55.06
101.49
14.51
94.97
104.76
30.59
41.69
132.56
97.07
67.04
93.35
15.73
98.6
148.73
65.71
116.7
106.33
102.49
130.03
105.45
102.69
90.18
108.15
22.84
38.41
136.59
115.36
103.2
114.38
125.85
113.82
60.16
71.06
127.61
100.81
23.7
127.51
42.64
87.57
114.26
102.47
97.05
72.76
47.52
117.06
20.42
103.99
42.6
107.91
36.19
85.21
114.91
10.01
70.21
31.46
16.53
54.35
109.29
49.23
57.81
98.67
127.09
18.57
114.03
112.15
37.9
110.85
124.98
85.95
83.93
98.08
43.63
93.7
70.97
41.33
110.51
101.24
114.51
126.39
9.62
57.53
67.33
101.06
128.06
123.62
93.92
114.18
79.28
27.36
113.31
114.9
112.88
20.02
13.13
55.3
12.93
99.68
102.53
112.15
79.39
9.52
92.49
115.63
103.54
137.26
75.59
108.49
103.02
113.98
113.96
101.6
8.42
120.76
77.09
91.89
127.95
77.05
29.58
23.62
70.02
106.44
110.43
34.91
122.65
98.5
113.73
117.61
122.67
45.63
117.17
97.81
92.82
31.77
52.88
72.55
106.54
112.17
104.01
114.73
105.13
104.47
103.55
114.35
66.06
23.37
58.85
123.58
109.53
123.35
114.2
86.05
102.71
39.18
59.93
114.17
113.13
49.98
113.97
118.59
60.65
100.23
23.96
88.82
86.78
103.7
107.72
65.0
107.68
101.44
108.71
101.04
39.1
94.09
120.56
28.16
69.07
38.47
125.64
20.05
29.08
42.78
128.92
18.14
13.45
23.38
61.25
91.43
130.08
123.45
105.1
113.31
104.51
13.05
106.3
108.55
21.34
106.05
122.8
98.72
19.76
116.77
118.59
97.12
14.29
12.41
34.58
29.74
121.8
100.49
90.45
91.85
34.25
90.83
101.62
22.16
117.62
125.05
102.36
118.7
97.57
44.7
77.74
56.61
112.78
105.66
100.18
91.23
112.71
110.97
25.06
113.09
8.39
9.64
33.65
54.09
93.21
93.03
119.38
135.02
38.16
105.17
18.32
109.49
106.49
46.73
40.16
105.82
78.5
86.59
8.01
46.46
77.58
111.04
146.23
102.55
89.38
107.74
45.0
89.09
118.23
90.56
128.6
125.2
26.66
106.99
117.42
133.55
69.08
99.27
69.23
116.34
85.46
92.51
110.81
118.49
10.42
35.89
78.49
93.87
109.6
115.14
100.24
98.8
98.35
116.56
107.24
69.71
89.49
92.21
66.0
101.51
39.17
17.84
30.28
54.52
118.72
86.1
14.31
22.92
36.55
111.78
39.68
98.53
110.4
84.17
107.34
38.83
27.88
108.88
25.83
93.5
110.08
111.41
58.66
17.89
74.13
67.35
111.41
11.01
109.51
94.29
105.77
44.68
99.81
58.11
12.34
73.07
8.02
8.01
100.93
101.12
112.36
55.99
71.82
115.31
105.12
117.64
35.81
96.2
94.84
52.62
107.86
30.83
86.86
96.08
104.57
22.56
102.58
103.78
79.6
95.27
80.54
107.59
22.86
99.84
53.69
72.13
94.42
114.86
134.03
97.52
48.54
130.3
59.15
134.51
97.2
60.32
120.32
91.06
71.83
109.47
96.52
99.68
97.0
117.85
41.78
108.12
52.72
81.06
41.45
97.38
114.49
49.13
108.93
101.99
9.23
103.82
64.28
47.89
93.09
89.0
55.71
13.55
42.75
28.17
96.93
102.99
107.54
106.21
50.92
111.23
102.88
96.24
96.07
38.55
40.91
61.05
107.15
108.98
60.64
95.18
105.18
99.93
123.35
99.03
102.26
111.49
92.29
78.37
87.77
41.04
65.1
10.04
34.41
57.03
54.78
105.19
89.94
10.42
27.04
98.64
102.89
22.03
46.91
82.48
111.31
66.13
115.53
77.3
104.47
101.62
12.22
107.26
74.66
96.26
102.74
105.22
121.71
122.09
116.15
94.0
29.53
96.57
68.64
101.54
27.32
84.6
115.63
89.38
61.42
86.84
13.23
23.25
107.5
104.45
105.31
114.47
107.26
9.4
116.59
58.34
116.79
106.46
121.08
11.0
21.84
29.38
106.12
107.88
132.85
97.24
107.06
105.27
30.69
117.59
107.51
59.65
114.6
100.49
51.58
15.02
109.06
96.67
85.27
36.96
106.89
112.47
11.73
101.65
105.64
113.94
19.83
99.23
57.63
30.63
109.12
44.97
54.35
37.17
122.96
32.59
101.86
48.28
107.27
61.97
111.66
67.83
121.4
9.64
122.76
136.83
215.18
13.39
74.75
69.16
11.78
145.43
118.65
59.55
152.78
126.61
55.18
58.42
142.94
18.47
23.71
100.05
15.94
140.6
98.87
98.43
130.56
25.25
123.8
68.16
136.06
132.55
103.72
104.79
53.4
105.53
141.81
107.69
100.85
134.96
120.41
94.19
144.19
95.67
75.38
117.19
11.27
28.99
84.07
106.95
109.27
104.93
120.85
61.7
131.24
93.66
114.69
93.14
88.52
92.74
24.11
116.67
102.48
18.61
110.27
110.46
102.45
112.06
111.55
121.9
119.16
109.53
108.82
99.26
107.03
18.44
115.05
106.27
118.0
87.65
120.87
108.21
40.23
126.41
108.44
9.17
103.92
120.68
91.42
126.07
78.97
105.67
39.66
58.62
106.01
99.54
121.37
10.27
104.21
132.42
71.5
113.18
79.87
84.89
104.47
74.58
57.94
97.35
66.64
118.69
103.65
40.44
84.2
63.37
43.86
15.89
35.06
108.97
28.53
110.6
61.11
117.68
22.13
91.61
121.58
89.46
98.12
32.72
126.08
56.79
24.85
110.73
94.19
17.76
86.51
25.68
59.97
125.41
41.78
96.13
62.37
81.63
38.15
103.56
93.73
100.96
109.75
119.82
100.66
92.68
89.8
37.88
18.32
121.55
103.63
111.76
110.39
112.39
104.46
95.13
67.43
79.13
69.81
133.04
108.17
54.13
21.53
144.84
101.48
104.9
124.96
75.22
11.1
101.64
129.32
120.59
124.64
119.12
67.18
69.39
105.04
111.93
89.14
43.48
100.28
111.34
122.98
112.52
111.79
115.62
121.16
28.24
117.79
100.53
113.27
136.93
113.27
114.67
45.28
89.9
23.61
101.85
27.19
130.24
44.37
63.69
120.06
112.22
124.31
31.36
15.92
111.31
96.3
111.93
133.15
119.13
137.16
109.29
131.98
113.71
139.22
134.52
96.74
39.12
38.65
21.02
123.21
14.74
105.93
30.8
99.88
141.18
115.24
91.26
98.1
91.62
15.03
43.8
135.52
23.27
134.9
20.81
130.2
15.72
94.64
16.17
17.37
84.67
112.78
115.92
112.9
90.07
117.11
29.28
10.05
110.32
114.04
54.08
81.67
76.17
121.6
107.06
98.7
104.26
47.37
126.37
63.27
112.82
109.77
119.74
23.98
111.62
106.53
121.16
86.11
58.34
136.56
9.52
126.6
108.14
123.87
103.91
64.58
39.76
17.09
107.42
107.46
109.19
103.43
89.93
36.08
13.09
101.0
125.16
103.73
97.07
119.9
112.21
113.91
113.25
108.81
106.12
22.99
16.08
28.33
83.07
21.9
112.34
105.77
127.43
85.9
120.49
103.67
29.53
34.02
110.83
40.69
65.51
118.44
18.16
96.44
75.58
101.04
132.08
44.86
123.01
108.77
138.48
122.13
101.17
105.09
116.79
88.93
107.31
103.38
138.36
101.42
110.99
23.2
98.97
19.73
109.46
105.53
99.47
64.51
123.31
100.0
76.3
37.7
21.7
94.71
17.67
115.07
123.85
119.42
103.4
28.82
116.04
126.67
101.24
110.92
39.24
107.44
124.81
66.21
95.57
55.27
122.83
103.41
121.39
34.2
75.72
115.33
109.92
28.76
103.22
39.57
20.69
160.12
19.78
132.37
77.65
97.95
23.18
119.61
102.54
104.19
132.97
118.8
114.35
134.44
127.42
33.8
113.4
131.67
55.83
139.42
113.41
46.43
102.08
67.7
75.39
41.93
112.27
103.65
108.85
104.5
96.05
122.8
73.43
121.15
102.84
24.1
115.76
118.31
110.63
107.44
97.52
116.38
50.04
26.72
107.13
29.63
128.58
98.32
89.04
107.5
102.36
43.21
23.65
121.97
123.91
108.4
77.87
29.29
17.58
110.99
126.27
95.58
91.66
49.83
62.71
95.04
117.86
112.12
104.06
92.16
129.85
87.55
113.33
29.34
128.87
119.29
29.91
115.01
92.32
105.49
113.09
130.35
31.1
99.94
115.34
16.24
100.26
102.67
113.76
118.52
33.41
127.42
93.8
87.4
121.34
76.73
122.24
46.42
97.96
71.01
112.62
120.5
18.45
108.66
99.51
130.85
118.65
110.68
110.65
119.75
29.66
105.07
126.24
61.61
132.4
109.48
111.55
112.94
29.72
116.95
15.82
62.47
97.85
109.66
61.21
97.38
15.79
124.55
102.8
107.29
126.08
99.91
15.19
89.23
58.19
96.45
86.59
118.92
99.71
103.87
112.69
97.03
92.05
97.11
129.56
103.5
96.06
107.51
98.21
98.43
119.27
93.45
11.85
97.2
107.75
26.91
95.85
44.71
18.89
21.37
22.57
31.73
46.44
86.88
38.93
80.69
96.67
112.98
19.76
88.89
102.69
76.18
54.34
64.62
92.88
96.64
32.95
114.96
86.58
99.62
48.85
108.86
95.32
44.27
104.85
55.75
84.86
90.31
102.12
130.03
103.06
60.24
161.27
106.01
54.92
109.93
101.45
46.63
16.75
13.65
100.39
111.51
111.79
8.94
91.01
84.47
85.93
107.07
104.13
102.71
94.94
98.0
55.02
107.03
44.91
98.03
45.12
16.09
26.6
112.65
18.18
106.11
27.79
124.7
97.92
83.37
115.83
37.41
99.9
105.4
104.97
63.12
23.75
12.37
128.33
97.39
113.84
29.09
123.69
110.59
105.53
113.07
95.25
112.47
104.79
116.69
123.65
83.51
89.47
116.35
20.52
118.01
136.29
12.46
21.29
112.15
120.89
107.05
51.76
12.38
31.49
102.68
55.69
132.69
90.99
52.27
97.96
128.77
86.19
109.4
109.57
37.51
37.59
147.12
113.45
98.04
90.52
117.49
95.93
32.39
113.29
106.28
124.81
111.27
142.91
37.65
22.51
59.27
46.84
35.78
114.28
116.67
104.05
108.6
97.21
34.96
82.49
75.45
38.55
97.75
133.32
101.61
102.8
119.67
53.89
109.01
109.55
35.45
25.47
62.29
105.29
81.1
99.95
90.78
111.53
113.01
93.42
30.61
94.81
88.05
51.45
19.2
33.98
126.01
18.48
94.37
17.3
93.18
37.03
109.88
37.01
134.48
105.99
87.53
103.62
28.81
87.3
100.89
79.42
95.74
105.99
30.76
80.6
47.16
77.33
120.4
99.33
113.7
113.19
52.29
76.76
105.19
40.09
107.79
106.57
17.04
107.21
105.62
120.87
131.23
40.04
101.43
14.85
101.51
14.64
106.15
99.23
95.15
120.36
123.17
97.13
111.65
102.92
120.11
120.51
105.46
26.07
108.95
120.85
102.87
19.47
129.03
100.1
63.02
117.11
94.51
11.06
69.02
8.53
116.08
117.11
112.3
11.76
111.44
104.82
103.58
135.45
110.87
30.27
101.37
69.87
123.04
54.27
120.27
97.6
21.9
14.66
126.12
88.54
98.88
107.67
21.93
113.72
22.09
80.85
129.74
107.65
128.16
99.86
65.8
111.89
31.34
64.14
11.3
15.07
58.42
100.8
111.27
45.83
15.39
63.99
143.58
15.19
104.49
129.02
104.12
106.32
57.23
48.31
111.7
134.16
32.37
65.37
48.45
125.15
169.09
53.96
104.64
100.78
128.85
102.3
106.66
134.02
34.56
119.67
38.75
107.07
70.13
14.84
87.11
62.55
102.62
18.07
110.73
26.27
108.46
86.48
66.8
98.56
89.6
45.63
17.99
77.12
18.69
67.28
111.69
113.02
99.02
104.29
25.33
140.28
32.74
95.8
104.83
128.61
96.04
74.51
40.19
26.43
120.92
62.76
142.59
86.54
101.58
81.82
113.71
124.1
114.04
58.54
120.59
126.89
95.78
122.23
45.0
12.12
78.76
117.6
109.39
99.85
52.48
126.03
15.07
121.22
126.82
24.77
44.3
13.03
49.29
23.4
44.15
71.92
97.77
112.51
102.35
12.78
117.68
52.23
24.31
127.54
122.78
41.54
130.1
24.11
126.41
117.14
79.74
101.75
60.93
82.09
120.64
64.41
28.52
82.65
53.75
33.17
11.23
80.16
93.42
99.39
125.45
109.08
33.13
69.22
86.31
92.14
110.04
20.79
122.9
39.85
120.25
50.77
132.26
13.96
16.57
71.44
77.27
112.22
72.13
101.3
15.49
31.9
114.83
77.49
91.84
152.9
43.51
137.83
33.16
64.33
28.45
125.08
119.56
99.2
13.99
93.63
75.87
48.89
130.67
114.91
13.33
76.14
17.75
20.53
44.63
98.85
41.02
142.46
134.37
124.68
70.43
79.49
104.48
107.23
50.2
132.01
36.97
101.03
126.27
93.96
16.0
46.43
113.09
16.52
129.45
40.48
127.28
69.7
117.48
102.05
