33.28
222.36
102.13
27.16
78.44
24.2
18.13
29.84
85.57
150.54
22.57
58.16
28.0
42.02
74.41
35.3
214.22
7.98
84.45
9.34
27.68
76.68
30.24
28.32
33.61
116.48
12.36
81.49
64.0
34.82
41.22
94.02
28.58
30.17
13.87
21.21
11.72
16.97
28.63
13.63
69.0
16.19
18.1
75.21
12.56
24.4
89.5
12.14
23.84
21.63
20.96
25.19
20.43
23.43
20.62
10.05
17.63
59.22
15.93
10.28
119.57
9.21
33.53
100.68
83.46
14.59
154.68
18.16
46.17
19.57
24.47
15.16
46.92
30.64
18.4
6.85
36.53
20.31
45.54
11.08
24.2
18.78
40.1
11.66
23.75
33.17
16.83
18.73
18.21
46.06
30.93
17.57
59.09
16.38
17.61
11.38
27.58
32.61
28.67
16.64
11.73
16.18
9.24
130.31
16.51
63.2
44.59
13.59
10.95
27.16
16.75
51.08
28.06
20.21
15.25
43.0
18.24
14.82
47.82
27.11
36.93
13.65
61.91
20.32
18.02
33.09
13.96
103.97
23.07
69.91
48.36
25.72
51.12
22.73
27.35
14.95
32.38
58.42
16.55
11.49
39.29
34.01
9.56
80.96
10.74
21.67
26.09
10.52
17.49
15.18
52.97
42.21
17.58
9.45
23.34
50.63
9.57
10.43
27.81
26.01
8.82
10.33
41.2
17.54
8.47
34.18
7.29
20.53
34.07
57.77
20.98
17.4
25.75
11.32
27.33
13.71
12.97
44.54
27.36
21.38
17.34
33.7
7.63
28.04
13.9
31.73
49.01
22.28
13.37
13.97
26.85
17.62
21.46
9.25
9.15
94.85
24.87
77.97
18.07
33.35
26.29
25.27
43.45
32.41
39.62
12.74
19.24
51.76
14.97
27.02
23.18
22.33
32.01
15.11
41.41
21.47
43.33
24.9
42.05
31.46
39.41
23.45
61.59
33.09
47.26
43.77
19.47
5.85
46.78
25.63
9.93
28.89
39.45
78.53
12.87
39.74
9.82
72.64
37.7
30.42
28.06
39.47
70.73
101.0
43.49
19.17
58.7
29.23
49.61
22.05
12.32
11.45
13.43
19.65
74.73
33.06
30.75
84.28
11.41
21.59
10.53
40.99
25.95
62.51
33.44
70.89
39.35
21.37
19.06
18.64
16.98
43.67
9.37
18.74
50.98
36.29
16.39
27.78
72.81
45.0
150.21
12.24
30.32
7.35
26.82
19.57
25.4
37.62
18.14
8.69
9.34
23.45
28.87
77.67
26.78
19.6
51.11
49.72
28.67
20.61
18.85
99.62
57.79
24.12
10.86
82.95
26.29
97.19
32.69
11.51
29.78
30.81
41.9
35.58
41.54
17.6
15.66
10.97
13.65
7.74
17.51
17.64
19.27
26.14
10.23
32.1
16.93
23.1
34.64
19.58
20.86
27.56
16.87
62.59
25.71
94.54
26.78
9.71
25.76
22.24
15.42
36.36
35.63
14.13
32.53
10.93
25.85
33.51
120.82
8.35
33.62
120.8
10.31
28.4
27.27
22.12
75.51
46.48
19.8
41.51
59.2
10.33
33.22
22.99
25.66
11.2
80.64
103.29
23.76
38.07
19.34
10.32
59.57
57.91
24.84
84.64
106.62
31.51
33.62
27.64
28.06
98.89
62.13
22.49
21.66
8.42
24.13
51.65
105.81
9.64
37.92
113.2
40.06
12.06
84.49
121.18
11.33
76.57
33.06
84.72
37.32
22.48
19.04
29.09
111.96
12.72
40.1
11.2
120.62
79.77
125.36
30.87
25.46
9.75
25.92
46.41
79.65
33.11
113.01
59.39
20.93
31.52
10.36
94.91
47.74
32.84
21.9
58.87
12.24
23.43
81.22
45.86
101.68
11.95
114.79
77.42
112.36
54.31
9.56
16.32
112.0
52.87
101.0
105.16
37.26
80.18
26.73
34.04
19.04
8.82
28.35
133.7
85.63
116.07
81.02
118.61
16.85
107.7
8.88
29.22
115.94
86.72
58.06
9.22
28.14
102.95
29.66
25.67
15.79
29.56
25.23
76.99
33.55
54.44
39.12
10.93
43.3
25.89
93.72
33.31
10.66
82.19
47.8
14.04
130.05
27.36
11.37
50.11
34.38
13.61
85.58
123.97
11.8
13.89
90.97
23.25
26.57
28.26
36.09
44.47
65.77
48.21
35.48
26.97
37.52
17.67
8.55
23.46
35.68
33.4
9.66
27.99
77.32
12.68
77.76
71.8
125.68
42.05
27.9
78.48
20.37
142.54
22.32
11.05
53.31
68.96
10.56
20.64
10.33
15.8
140.68
142.18
21.68
105.91
12.57
72.98
46.71
67.19
41.48
133.25
43.02
24.57
27.82
21.73
59.52
122.2
47.43
25.19
103.34
31.36
170.49
203.05
98.69
105.11
24.66
150.21
13.65
171.79
22.35
96.54
15.38
21.0
125.09
16.13
227.8
55.92
232.19
75.24
235.01
10.02
45.09
89.51
30.7
51.02
39.04
227.02
92.87
30.19
79.92
125.48
15.67
51.89
132.53
37.24
94.22
104.42
70.33
140.0
27.61
28.26
32.71
102.36
33.05
58.02
53.29
56.09
27.68
73.68
92.12
73.98
11.03
128.74
50.53
28.8
13.94
11.36
46.16
30.25
32.57
11.45
144.52
148.8
40.9
51.18
70.43
28.63
15.46
39.98
22.21
40.83
39.31
66.99
81.65
12.96
39.6
104.51
13.22
26.08
66.96
24.46
43.76
17.12
45.67
12.32
6.93
17.59
22.87
29.88
14.54
11.3
53.73
26.82
10.61
33.33
61.68
20.6
84.68
12.55
23.7
15.01
8.66
37.47
22.86
38.43
60.05
96.3
31.21
28.21
29.74
28.91
59.25
22.4
24.54
31.85
17.24
138.42
11.0
27.85
11.67
12.22
36.61
17.15
16.54
26.16
73.27
29.85
14.98
21.68
40.48
29.58
15.9
31.37
92.55
15.62
17.59
21.56
18.82
15.17
22.19
51.89
70.01
48.53
42.23
75.78
73.46
12.09
71.06
18.35
18.95
17.16
17.85
26.73
73.53
96.21
51.69
58.9
40.54
75.53
25.33
43.7
73.45
23.34
84.06
20.57
27.17
99.72
28.27
19.07
24.33
16.89
23.72
28.25
93.92
43.17
11.89
19.25
15.81
25.36
24.41
30.88
18.6
17.5
15.79
68.63
14.4
16.26
17.3
19.37
25.99
16.03
82.89
76.29
23.8
67.51
59.49
146.67
12.08
19.3
15.39
29.9
15.34
28.51
15.14
33.01
58.11
12.1
25.42
18.85
15.58
41.22
17.53
9.7
26.47
14.8
124.28
30.88
21.51
34.24
22.92
16.83
21.78
30.86
35.52
36.1
12.68
41.76
18.89
25.44
15.6
44.66
18.54
17.71
20.14
37.07
39.67
15.09
98.45
20.63
45.54
76.69
122.87
32.57
28.67
27.27
90.13
17.21
29.77
26.33
37.02
31.64
15.01
74.49
96.42
105.47
34.92
39.08
96.54
32.55
25.55
119.67
36.07
66.91
40.14
38.12
46.91
97.37
18.98
27.53
18.32
37.57
20.74
18.11
40.71
57.69
20.27
33.61
42.13
31.66
26.56
32.36
6.65
69.11
128.27
33.65
42.83
25.46
20.84
24.73
14.38
25.56
23.04
122.19
46.05
95.52
18.1
109.77
48.49
31.32
53.48
30.23
140.1
67.41
81.34
37.61
41.14
26.61
23.73
31.31
23.5
9.69
82.54
98.46
14.55
105.92
32.39
34.81
39.28
17.86
8.98
76.37
16.17
30.83
41.99
32.84
30.18
102.74
108.77
15.43
62.15
42.1
24.32
25.27
40.71
9.74
44.12
31.29
21.3
55.66
16.51
36.99
46.22
20.76
52.34
50.56
46.03
28.22
22.86
40.19
78.8
72.94
89.18
23.07
59.57
33.32
26.22
42.6
16.96
36.76
37.58
61.49
13.77
30.12
47.6
16.69
88.69
9.58
49.77
107.06
15.24
9.77
62.65
98.2
11.43
31.21
123.68
121.17
33.38
25.39
36.62
88.17
9.64
88.76
40.68
67.98
10.75
20.89
25.62
70.22
42.77
7.82
135.57
105.11
39.86
15.16
72.04
19.1
14.83
69.29
11.97
96.07
65.87
47.44
19.1
34.01
70.86
17.27
23.77
19.47
23.65
63.75
66.43
26.16
21.12
11.0
102.9
35.74
39.35
29.08
36.01
74.36
93.2
58.92
90.01
94.9
21.81
141.57
23.23
109.85
35.61
17.24
40.21
53.67
19.33
34.31
20.32
15.11
38.67
15.08
14.96
89.04
48.34
29.03
70.19
21.59
25.01
89.5
34.33
42.22
22.0
70.98
