-435.0
-2153.0
-1103.0
-221.0
-667.0
-311.0
-294.0
-326.0
-919.0
-1532.0
-273.0
-707.0
-239.0
-538.0
-469.0
-266.0
-1061.0
-130.0
-499.0
-138.0
-224.0
-456.0
-236.0
-231.0
-253.0
-436.0
-151.0
-386.0
-298.0
-64.0
-189.0
-453.0
-243.0
-235.0
-161.0
-87.0
-149.0
-77.0
-124.0
-53.0
-328.0
-64.0
-178.0
-147.0
-152.0
-115.0
-336.0
-151.0
-118.0
-94.0
-92.0
-9.0
-91.0
-100.0
-194.0
-140.0
-73.0
-302.0
-61.0
-40.0
-135.0
-136.0
-262.0
-500.0
-292.0
-162.0
-360.0
-75.0
-225.0
-82.0
-208.0
-169.0
-128.0
-36.0
-184.0
-125.0
-161.0
-92.0
-205.0
-146.0
2.0
-181.0
-178.0
-49.0
-209.0
-152.0
-74.0
-84.0
-72.0
-212.0
-140.0
-175.0
-265.0
-170.0
-179.0
-146.0
-120.0
-249.0
-135.0
-71.0
-152.0
-173.0
-136.0
-398.0
-181.0
-319.0
-204.0
-61.0
-144.0
-119.0
-179.0
-233.0
-134.0
-84.0
-202.0
-192.0
-76.0
-172.0
-233.0
-15.0
-59.0
-158.0
-295.0
-105.0
-180.0
54.0
-164.0
-318.0
-109.0
-248.0
-139.0
-107.0
-152.0
-97.0
-120.0
-167.0
-198.0
-314.0
-177.0
-148.0
-135.0
-58.0
-46.0
34.0
-149.0
14.0
-7.0
-142.0
33.0
-63.0
-253.0
-207.0
-74.0
-138.0
-97.0
-127.0
-31.0
-38.0
-121.0
-111.0
-134.0
-143.0
122.0
-75.0
-31.0
-259.0
-127.0
-84.0
-148.0
54.0
-97.0
-175.0
-118.0
-145.0
67.0
-55.0
-50.0
-313.0
89.0
-94.0
-68.0
-55.0
-23.0
-18.0
-61.0
-37.0
-116.0
-109.0
47.0
-58.0
-118.0
-71.0
-87.0
-137.0
-35.0
59.0
-104.0
155.0
-178.0
-46.0
-14.0
-19.0
-117.0
-143.0
-72.0
-49.0
-80.0
-133.0
-57.0
-13.0
117.0
10.0
-138.0
-61.0
-90.0
-89.0
12.0
0.0
8.0
-138.0
-79.0
-101.0
35.0
-151.0
-10.0
-194.0
20.0
-122.0
-4.0
98.0
-139.0
85.0
34.0
-267.0
-50.0
-180.0
-34.0
-375.0
39.0
-138.0
-19.0
26.0
-248.0
12.0
110.0
14.0
-55.0
-134.0
-22.0
-98.0
-44.0
-41.0
-55.0
-81.0
264.0
-52.0
53.0
-86.0
-147.0
9.0
-145.0
123.0
84.0
-81.0
35.0
89.0
135.0
-96.0
-87.0
24.0
-84.0
-97.0
-33.0
-77.0
-30.0
-67.0
-69.0
-20.0
-23.0
88.0
121.0
-153.0
-31.0
-129.0
-11.0
21.0
-5.0
-73.0
-79.0
-31.0
-42.0
-3.0
-19.0
374.0
101.0
26.0
66.0
69.0
-22.0
13.0
-83.0
544.0
152.0
3.0
-49.0
220.0
-114.0
365.0
36.0
-149.0
-24.0
75.0
26.0
-56.0
135.0
-71.0
-91.0
66.0
48.0
-130.0
31.0
-74.0
-77.0
-20.0
-35.0
-48.0
35.0
9.0
-56.0
14.0
-85.0
85.0
-74.0
236.0
-8.0
186.0
-26.0
-138.0
-109.0
116.0
-60.0
23.0
-55.0
-55.0
70.0
-38.0
-8.0
-46.0
173.0
-133.0
50.0
456.0
-140.0
70.0
-38.0
5.0
188.0
-16.0
-81.0
102.0
245.0
-142.0
65.0
9.0
102.0
-152.0
253.0
46.0
4.0
40.0
-81.0
-145.0
149.0
156.0
-3.0
130.0
542.0
-33.0
-39.0
-127.0
-17.0
374.0
-71.0
12.0
-1.0
-132.0
-108.0
158.0
531.0
-139.0
42.0
200.0
1.0
-152.0
243.0
476.0
-44.0
263.0
-34.0
234.0
49.0
-8.0
-77.0
80.0
521.0
-46.0
34.0
-40.0
488.0
145.0
454.0
-29.0
-2.0
-142.0
99.0
-264.0
262.0
-77.0
512.0
-66.0
-86.0
75.0
-142.0
588.0
100.0
67.0
-17.0
45.0
-47.0
6.0
-169.0
113.0
167.0
-153.0
517.0
182.0
209.0
72.0
-138.0
-67.0
527.0
186.0
47.0
557.0
53.0
268.0
-12.0
-63.0
-85.0
-135.0
-15.0
428.0
326.0
475.0
370.0
283.0
-85.0
549.0
-133.0
-26.0
518.0
219.0
44.0
-135.0
85.0
246.0
80.0
-120.0
-65.0
71.0
-4.0
281.0
-43.0
48.0
13.0
-143.0
107.0
-1.0
277.0
170.0
-142.0
120.0
2.0
-51.0
426.0
-14.0
-149.0
98.0
62.0
-56.0
132.0
158.0
-46.0
-55.0
5.0
9.0
-6.0
-19.0
23.0
109.0
-86.0
101.0
-47.0
-1.0
49.0
-71.0
-132.0
-101.0
49.0
51.0
-138.0
-19.0
-87.0
-150.0
66.0
94.0
476.0
-78.0
-12.0
151.0
-83.0
390.0
9.0
-145.0
-67.0
112.0
-140.0
-88.0
-141.0
-67.0
384.0
-84.0
-87.0
13.0
-151.0
-118.0
-220.0
-139.0
-89.0
-17.0
-99.0
-112.0
-7.0
-132.0
-58.0
-441.0
-2.0
-246.0
-105.0
75.0
-470.0
-238.0
-253.0
-257.0
-224.0
-545.0
-159.0
-250.0
14.0
40.0
-174.0
-83.0
-335.0
-67.0
-114.0
72.0
-601.0
-33.0
-470.0
-143.0
-97.0
-457.0
-149.0
-12.0
-111.0
-1206.0
-159.0
-19.0
-158.0
-457.0
-168.0
-404.0
-91.0
34.0
-271.0
-193.0
-26.0
-69.0
-242.0
-252.0
-39.0
-75.0
-159.0
-186.0
-135.0
-176.0
-116.0
-140.0
-351.0
-36.0
-143.0
-468.0
-36.0
-128.0
-155.0
-144.0
-91.0
-273.0
-147.0
-151.0
367.0
-126.0
-177.0
-230.0
-102.0
-119.0
-170.0
-85.0
-208.0
31.0
-77.0
-4.0
142.0
-45.0
4.0
53.0
-160.0
-1.0
-219.0
-103.0
119.0
-171.0
-104.0
-148.0
-131.0
-67.0
-221.0
-124.0
-159.0
-45.0
-130.0
-133.0
-142.0
-48.0
-113.0
27.0
-176.0
-160.0
-104.0
-181.0
-133.0
-73.0
-128.0
-169.0
-171.0
69.0
-131.0
-9.0
-124.0
-25.0
-80.0
-88.0
-108.0
-26.0
-173.0
-580.0
-38.0
-111.0
-145.0
-46.0
-157.0
-171.0
-63.0
2.0
-5.0
-28.0
-167.0
-101.0
32.0
-126.0
-166.0
-23.0
223.0
-171.0
-69.0
15.0
-183.0
-57.0
-212.0
-47.0
-8.0
-241.0
-84.0
-123.0
96.0
-47.0
-116.0
-77.0
-181.0
-185.0
-176.0
-4.0
-7.0
207.0
-164.0
63.0
-69.0
-30.0
-2.0
21.0
-7.0
-108.0
-53.0
-82.0
-6.0
-135.0
-118.0
-80.0
-216.0
-67.0
-93.0
-20.0
-8.0
-316.0
-149.0
27.0
-175.0
-12.0
-98.0
-144.0
-76.0
-67.0
-73.0
7.0
-53.0
-171.0
-65.0
-190.0
-106.0
-62.0
245.0
79.0
-217.0
25.0
-307.0
170.0
-150.0
-203.0
-161.0
-27.0
-60.0
-11.0
-66.0
-135.0
62.0
-42.0
-104.0
-75.0
-71.0
-4.0
-67.0
-136.0
0.0
-58.0
500.0
-127.0
-202.0
-34.0
-104.0
-70.0
-87.0
-26.0
-44.0
-42.0
-149.0
-70.0
31.0
-217.0
-166.0
-102.0
31.0
38.0
-83.0
-168.0
-82.0
-55.0
191.0
-87.0
-3.0
74.0
502.0
74.0
-11.0
-6.0
120.0
-68.0
-29.0
-7.0
-50.0
-138.0
-55.0
104.0
211.0
68.0
-44.0
46.0
-20.0
-29.0
-104.0
492.0
-274.0
128.0
-66.0
-157.0
-102.0
100.0
-80.0
-7.0
-68.0
38.0
22.0
-75.0
-95.0
71.0
27.0
-33.0
30.0
-24.0
-7.0
-141.0
-143.0
113.0
255.0
-34.0
127.0
-119.0
-85.0
112.0
-53.0
-11.0
10.0
475.0
113.0
208.0
-67.0
554.0
3.0
-26.0
182.0
81.0
479.0
77.0
228.0
90.0
-31.0
-100.0
-78.0
-19.0
-77.0
-138.0
132.0
179.0
-43.0
354.0
-8.0
-3.0
-30.0
-51.0
-128.0
196.0
-156.0
7.0
-36.0
-9.0
10.0
353.0
147.0
-52.0
191.0
31.0
-98.0
-86.0
71.0
-25.0
63.0
-6.0
14.0
137.0
-160.0
54.0
40.0
-120.0
132.0
-74.0
159.0
-101.0
-80.0
64.0
31.0
204.0
190.0
-80.0
2.0
-6.0
-97.0
-59.0
-56.0
187.0
-30.0
155.0
-149.0
10.0
33.0
-47.0
186.0
-129.0
35.0
458.0
-156.0
-137.0
94.0
281.0
-138.0
-96.0
605.0
605.0
-125.0
-86.0
85.0
316.0
-129.0
114.0
-51.0
-27.0
-135.0
32.0
-81.0
-61.0
55.0
-128.0
328.0
259.0
79.0
-50.0
23.0
-66.0
-48.0
33.0
-41.0
207.0
71.0
47.0
-64.0
-13.0
63.0
-63.0
-81.0
-55.0
-89.0
34.0
185.0
8.0
-69.0
-139.0
100.0
-8.0
65.0
12.0
-14.0
91.0
290.0
102.0
197.0
286.0
-69.0
334.0
-80.0
224.0
-22.0
-77.0
73.0
29.0
-171.0
-28.0
-70.0
-152.0
76.0
-46.0
-150.0
213.0
46.0
-109.0
76.0
-73.0
-82.0
116.0
-141.0
58.0
40.0
111.0
