68.14
32.93
72.23
18.61
17.82
35.75
79.7
184.48
10.15
27.49
65.58
33.93
50.66
48.44
33.76
151.9
97.81
104.92
22.6
7.53
23.0
11.06
159.88
209.24
53.97
178.7
79.2
56.86
17.88
13.34
14.45
101.1
34.78
37.5
20.45
93.12
121.29
45.48
80.78
46.13
106.3
58.43
30.55
78.39
11.58
39.27
46.31
18.81
81.46
61.24
10.32
67.08
8.61
25.61
31.91
10.54
34.29
47.82
31.29
206.85
37.15
111.76
13.8
21.6
16.76
10.5
51.12
12.78
58.51
25.4
14.41
141.49
132.45
36.79
73.57
51.2
60.56
11.78
16.15
15.12
22.28
19.28
42.7
50.71
11.11
19.92
20.8
87.25
34.01
17.26
26.71
174.24
35.04
9.4
25.54
65.44
12.77
10.14
21.67
12.75
23.99
15.2
10.5
34.88
15.67
102.83
28.62
38.87
24.58
40.0
61.99
51.98
44.45
16.97
70.53
8.67
14.51
8.64
44.02
13.4
58.48
17.97
11.3
13.36
27.95
51.27
29.98
8.65
25.05
23.13
120.06
30.91
65.25
23.94
16.81
109.64
27.75
90.51
113.61
7.73
106.68
53.02
115.23
28.87
41.62
33.58
9.86
19.44
105.75
94.2
38.59
8.7
36.5
21.24
9.06
17.71
25.9
51.16
41.72
18.28
29.17
19.84
10.9
37.61
112.38
47.78
22.27
34.36
48.62
16.99
20.24
34.58
29.01
91.73
65.46
72.67
83.28
107.4
34.4
46.81
26.18
123.84
59.34
71.77
40.04
59.02
114.31
22.34
84.99
91.95
125.22
9.05
21.8
131.74
121.09
94.94
24.21
28.25
40.78
17.07
43.14
34.32
92.48
75.63
8.65
96.48
72.88
57.74
97.68
62.42
42.11
35.04
33.57
30.75
138.64
44.39
118.25
21.9
54.3
85.94
85.86
8.46
8.06
77.27
13.08
96.12
62.4
13.37
90.88
83.45
88.58
31.29
104.54
79.3
26.62
58.18
105.22
79.01
36.76
99.18
103.9
61.04
50.65
61.72
28.98
106.41
84.62
115.42
87.16
61.48
77.25
89.03
157.95
99.63
75.15
102.62
76.9
85.86
121.77
51.81
100.75
63.72
46.05
84.28
92.64
67.19
100.35
31.64
99.86
88.38
52.54
57.71
122.33
104.52
25.47
27.21
54.63
27.4
8.45
101.03
58.25
62.22
67.48
102.49
97.04
103.69
112.7
62.97
37.88
20.62
26.9
23.27
96.46
42.31
82.56
68.9
134.97
93.24
104.76
77.13
16.07
29.97
88.27
48.4
47.59
70.12
79.9
69.06
84.27
68.92
31.97
46.63
12.65
109.01
8.27
93.82
88.23
71.53
61.36
69.1
118.58
87.24
97.34
26.76
82.9
82.95
103.52
19.35
102.11
54.05
101.39
28.98
92.04
62.01
97.05
93.24
40.48
46.4
104.26
96.81
99.21
14.85
91.66
36.68
91.64
114.49
55.72
100.28
43.0
22.83
88.61
104.31
64.74
96.09
83.4
93.4
88.09
10.54
9.12
85.07
110.99
93.86
13.84
63.95
59.99
40.46
31.1
39.66
109.19
37.1
24.18
94.41
41.72
104.32
110.09
117.34
8.33
109.47
88.28
64.53
89.69
116.61
105.26
72.23
32.3
68.92
106.03
104.63
20.82
103.7
122.43
123.45
116.95
37.11
68.89
123.41
136.77
106.35
87.34
127.95
129.2
154.86
154.08
9.77
91.92
61.34
164.51
212.79
138.16
16.7
216.0
214.09
146.0
214.75
39.43
107.66
106.53
212.15
21.93
36.53
208.0
113.34
80.27
23.05
208.89
17.94
196.25
28.54
37.12
26.21
28.69
39.26
50.98
15.11
81.34
79.6
30.74
10.0
21.8
92.3
100.37
199.16
66.95
28.38
146.84
41.37
12.48
49.35
21.48
26.06
31.15
206.79
16.93
169.7
100.35
33.04
29.04
30.25
41.53
63.11
30.77
106.2
26.63
11.42
23.98
115.33
216.96
104.49
21.3
35.12
62.74
39.45
10.4
21.37
30.67
58.47
16.76
30.68
75.36
36.82
81.81
36.36
10.0
15.31
208.56
74.3
16.32
15.51
142.38
57.87
20.1
210.21
108.62
30.33
12.42
33.93
120.34
48.29
10.42
41.22
83.87
61.27
27.37
30.46
93.5
84.16
101.01
29.68
26.87
125.98
56.77
55.26
17.23
57.96
156.46
31.26
15.24
46.98
37.71
57.47
19.76
14.3
74.92
39.46
102.69
107.24
68.94
38.76
11.6
18.94
19.28
106.32
216.6
100.88
93.39
30.9
74.84
14.2
18.25
18.78
164.0
107.62
53.48
36.72
34.95
135.9
92.56
191.3
61.05
65.78
136.15
45.33
115.66
98.65
27.91
123.38
161.0
138.08
74.22
17.67
19.86
82.44
32.94
71.75
145.8
173.65
16.44
140.53
15.39
24.07
38.2
21.54
54.04
21.0
37.02
88.14
55.08
9.71
68.22
15.76
127.87
19.5
31.27
16.68
141.74
109.02
15.54
16.52
52.91
55.18
28.59
37.13
113.35
117.08
67.44
115.17
55.1
32.14
106.73
72.5
65.49
98.23
33.82
25.87
34.16
14.91
13.09
59.01
13.25
64.7
86.81
81.58
22.41
12.15
103.08
122.45
48.33
22.44
12.97
43.09
119.59
53.86
11.83
124.84
143.74
59.12
22.2
30.48
77.06
45.49
109.05
48.2
120.21
125.32
72.59
81.89
14.62
33.68
24.89
104.39
103.92
30.43
109.04
15.81
31.41
44.07
35.89
47.6
50.94
76.35
28.15
108.82
8.76
71.35
106.25
82.8
111.69
115.58
117.86
127.05
77.85
44.93
95.73
76.66
13.46
83.79
12.88
102.52
111.18
111.16
72.71
80.61
14.32
96.12
113.67
56.46
17.16
89.32
67.35
79.73
118.03
105.69
66.21
96.19
115.55
39.59
110.13
8.1
65.18
29.85
36.85
32.27
57.26
38.05
132.7
115.32
75.98
14.47
9.58
62.07
86.93
90.75
105.17
96.18
30.71
105.4
89.79
108.43
92.87
97.27
101.15
62.81
95.77
86.41
77.85
89.95
70.84
114.38
61.65
92.42
76.42
10.53
116.85
109.47
26.93
90.41
102.78
54.87
133.33
103.31
59.64
97.92
120.25
18.43
118.46
82.76
126.24
49.47
106.39
27.84
120.62
95.55
115.38
113.48
52.65
94.95
57.93
127.2
104.09
108.75
140.56
19.75
27.35
47.27
59.72
16.51
60.43
89.02
98.13
209.77
102.36
93.3
107.57
19.33
34.37
44.06
113.92
14.06
128.45
90.89
98.11
40.12
97.32
97.24
88.0
25.27
93.59
67.05
97.77
103.16
108.14
25.06
123.11
99.85
40.36
108.35
26.75
114.38
74.32
90.49
78.81
34.05
93.4
109.01
100.92
32.15
41.06
20.92
116.28
100.58
110.46
104.28
124.55
57.02
22.05
87.26
111.05
38.95
29.77
78.67
45.79
102.33
86.21
34.07
12.8
109.94
99.91
115.24
108.09
7.57
45.16
93.4
125.36
9.07
74.31
85.34
99.68
85.84
99.3
83.57
35.95
92.89
108.25
92.82
123.87
83.19
8.26
82.82
44.23
105.04
32.01
105.62
85.09
12.54
9.66
97.94
10.49
70.27
122.22
88.88
43.5
45.94
95.35
111.53
100.33
96.9
22.44
81.01
45.33
62.37
120.27
136.51
86.78
102.69
110.04
37.45
121.93
12.49
75.44
96.0
80.78
106.29
52.88
39.31
98.05
54.43
108.75
125.71
44.11
88.11
43.13
116.58
107.63
30.22
84.01
15.57
67.52
57.1
95.64
85.02
44.52
104.22
105.34
67.93
111.61
103.52
84.06
92.01
107.53
102.56
74.5
112.07
19.69
46.0
109.76
78.87
104.58
38.61
105.47
78.58
81.97
115.66
46.4
109.08
47.85
114.99
25.22
112.51
109.14
100.52
86.67
94.8
81.18
90.29
120.25
116.58
14.5
105.13
47.65
98.95
128.24
104.07
86.35
122.29
119.31
90.55
9.2
115.36
132.01
120.61
107.16
95.0
101.22
103.67
116.84
100.1
68.66
122.66
8.81
105.79
120.35
18.08
36.71
107.42
18.68
50.62
68.67
96.9
12.69
104.18
91.56
82.23
9.28
106.27
124.88
125.69
99.84
113.45
18.32
41.82
90.72
109.05
87.8
94.51
64.13
107.06
104.83
31.57
104.75
86.6
102.11
86.51
54.35
38.67
126.15
97.64
97.41
34.79
97.33
91.93
31.04
94.61
29.49
38.0
113.27
94.61
105.04
110.52
74.65
82.6
