-764.0
-490.0
-933.0
-370.0
-377.0
-566.0
-962.0
-2096.0
-282.0
-450.0
-933.0
-550.0
-619.0
-667.0
-517.0
-1158.0
-593.0
-645.0
-207.0
-131.0
-219.0
-151.0
-913.0
-434.0
-268.0
-148.0
-398.0
-267.0
-181.0
-159.0
-164.0
-283.0
-54.0
-279.0
-103.0
-360.0
-160.0
-120.0
-67.0
-114.0
-451.0
-325.0
-130.0
-403.0
-150.0
-78.0
-220.0
-196.0
-233.0
-198.0
-144.0
-498.0
-135.0
-111.0
-144.0
-144.0
-162.0
-220.0
-142.0
-806.0
-62.0
-684.0
-171.0
-92.0
-78.0
-145.0
-133.0
-159.0
-293.0
-221.0
-165.0
-713.0
-475.0
-81.0
-365.0
-255.0
-196.0
-150.0
-173.0
-66.0
-96.0
-80.0
-89.0
-138.0
-149.0
-94.0
-90.0
19.0
-51.0
-75.0
-123.0
231.0
-59.0
-142.0
-4.0
14.0
-155.0
-142.0
-88.0
-158.0
1.0
-166.0
-143.0
-67.0
-178.0
120.0
-39.0
-70.0
-103.0
-81.0
-84.0
-138.0
-6.0
-193.0
69.0
-136.0
-167.0
-136.0
-117.0
-161.0
-103.0
-185.0
-151.0
-56.0
-144.0
52.0
-169.0
-137.0
-16.0
-106.0
224.0
-260.0
-212.0
-115.0
-71.0
287.0
-127.0
168.0
272.0
-132.0
499.0
-265.0
-185.0
-41.0
7.0
42.0
-142.0
-86.0
192.0
59.0
26.0
-139.0
-71.0
-96.0
-138.0
23.0
-126.0
67.0
121.0
16.0
-143.0
-98.0
-146.0
27.0
470.0
86.0
-102.0
41.0
-29.0
-76.0
-97.0
40.0
-28.0
369.0
197.0
269.0
633.0
481.0
50.0
195.0
-17.0
427.0
128.0
173.0
10.0
130.0
264.0
5.0
298.0
558.0
209.0
-138.0
8.0
397.0
122.0
552.0
-6.0
-23.0
119.0
-74.0
1.0
-57.0
562.0
-383.0
-138.0
552.0
45.0
-91.0
564.0
220.0
16.0
25.0
39.0
58.0
340.0
-210.0
419.0
106.0
147.0
604.0
629.0
-135.0
-134.0
660.0
-53.0
564.0
210.0
-53.0
600.0
634.0
595.0
-48.0
508.0
220.0
-18.0
242.0
531.0
232.0
-96.0
546.0
523.0
-31.0
-36.0
224.0
73.0
483.0
317.0
461.0
603.0
223.0
37.0
606.0
19.0
545.0
32.0
531.0
-73.0
309.0
105.0
57.0
544.0
-15.0
93.0
618.0
584.0
305.0
517.0
-165.0
-101.0
616.0
53.0
14.0
423.0
525.0
-10.0
-22.0
36.0
-124.0
-136.0
525.0
248.0
210.0
295.0
527.0
557.0
520.0
471.0
232.0
-79.0
13.0
-28.0
0.0
560.0
100.0
310.0
-240.0
50.0
578.0
526.0
665.0
-65.0
-47.0
610.0
191.0
86.0
275.0
240.0
83.0
608.0
191.0
-43.0
188.0
-55.0
519.0
-134.0
578.0
616.0
159.0
205.0
372.0
459.0
613.0
571.0
-16.0
323.0
634.0
549.0
-83.0
520.0
158.0
555.0
-37.0
589.0
121.0
548.0
585.0
21.0
-10.0
539.0
557.0
553.0
-66.0
593.0
139.0
584.0
477.0
238.0
548.0
114.0
-100.0
628.0
528.0
202.0
564.0
327.0
384.0
617.0
-149.0
-138.0
626.0
509.0
583.0
-55.0
219.0
116.0
126.0
69.0
19.0
513.0
131.0
-8.0
588.0
13.0
529.0
519.0
459.0
-134.0
503.0
608.0
207.0
298.0
484.0
331.0
177.0
-45.0
57.0
518.0
532.0
-94.0
534.0
453.0
435.0
482.0
39.0
-15.0
442.0
379.0
103.0
213.0
409.0
422.0
290.0
301.0
-141.0
55.0
28.0
242.0
-444.0
184.0
-189.0
-112.0
-384.0
-238.0
-382.0
-180.0
-346.0
-308.0
-860.0
-215.0
-275.0
-461.0
-381.0
-454.0
-206.0
-1181.0
-182.0
-682.0
-250.0
-275.0
-224.0
-232.0
-182.0
-392.0
-166.0
-314.0
-385.0
-248.0
-145.0
-204.0
-557.0
-402.0
-794.0
-346.0
-230.0
-629.0
-190.0
-153.0
-339.0
-91.0
-222.0
-142.0
-1104.0
-177.0
-556.0
-326.0
-257.0
-130.0
-200.0
-86.0
-312.0
-255.0
-393.0
-115.0
-156.0
-117.0
-747.0
-115.0
-491.0
-91.0
-280.0
-315.0
-193.0
-154.0
-200.0
-37.0
-179.0
-68.0
-135.0
-416.0
-182.0
-198.0
-176.0
-147.0
-169.0
-1005.0
-65.0
-184.0
-175.0
-564.0
-419.0
-87.0
-955.0
-797.0
-138.0
-157.0
-172.0
-395.0
-363.0
-182.0
-132.0
-267.0
-218.0
-188.0
-170.0
-225.0
-96.0
-122.0
-158.0
-244.0
-431.0
-63.0
58.0
-79.0
-303.0
-824.0
-260.0
-229.0
-5.0
-70.0
-196.0
-192.0
-165.0
-45.0
11.0
-468.0
-4.0
-238.0
-71.0
-157.0
-85.0
-81.0
-149.0
-232.0
-556.0
-151.0
-148.0
-77.0
-71.0
-76.0
-194.0
51.0
-311.0
-171.0
-84.0
-175.0
-201.0
-31.0
69.0
-94.0
-131.0
-463.0
-5.0
34.0
-82.0
-328.0
30.0
361.0
202.0
112.0
-73.0
-79.0
67.0
-168.0
16.0
421.0
247.0
-65.0
228.0
-59.0
-309.0
-73.0
-110.0
-165.0
-82.0
-189.0
-69.0
79.0
-140.0
117.0
-81.0
42.0
-87.0
-22.0
-190.0
416.0
246.0
-58.0
-63.0
-123.0
-58.0
-124.0
59.0
155.0
564.0
20.0
535.0
-132.0
-31.0
297.0
76.0
37.0
322.0
-53.0
-125.0
-38.0
-162.0
-47.0
161.0
-45.0
111.0
260.0
175.0
-86.0
-43.0
154.0
112.0
-19.0
17.0
-153.0
11.0
219.0
88.0
-145.0
309.0
424.0
-40.0
14.0
-13.0
81.0
-1.0
601.0
12.0
546.0
500.0
106.0
54.0
52.0
71.0
-112.0
535.0
546.0
-151.0
301.0
41.0
67.0
104.0
52.0
83.0
-153.0
258.0
-128.0
523.0
-136.0
190.0
530.0
131.0
507.0
497.0
457.0
418.0
147.0
102.0
584.0
261.0
-56.0
11.0
-49.0
548.0
506.0
492.0
278.0
16.0
-60.0
583.0
501.0
-64.0
-70.0
616.0
210.0
235.0
474.0
539.0
212.0
586.0
460.0
13.0
526.0
-133.0
215.0
-32.0
42.0
-43.0
36.0
40.0
408.0
489.0
154.0
-57.0
-141.0
335.0
-122.0
619.0
542.0
584.0
73.0
532.0
621.0
316.0
183.0
570.0
565.0
2.0
592.0
327.0
141.0
616.0
-35.0
492.0
240.0
598.0
269.0
-148.0
484.0
526.0
-18.0
613.0
550.0
161.0
380.0
542.0
142.0
264.0
447.0
28.0
270.0
646.0
430.0
71.0
525.0
-25.0
460.0
590.0
483.0
292.0
67.0
588.0
253.0
425.0
545.0
512.0
343.0
-87.0
-18.0
202.0
30.0
-73.0
136.0
621.0
578.0
-336.0
136.0
600.0
523.0
-85.0
149.0
111.0
498.0
-59.0
423.0
609.0
579.0
27.0
589.0
45.0
625.0
-15.0
597.0
89.0
574.0
536.0
524.0
-7.0
445.0
566.0
18.0
207.0
94.0
493.0
161.0
604.0
350.0
57.0
594.0
516.0
562.0
-49.0
17.0
-91.0
487.0
342.0
200.0
543.0
444.0
-167.0
10.0
425.0
497.0
28.0
78.0
246.0
98.0
558.0
106.0
-49.0
-50.0
501.0
562.0
487.0
508.0
-131.0
93.0
601.0
437.0
-137.0
276.0
640.0
567.0
218.0
564.0
219.0
43.0
598.0
522.0
587.0
424.0
442.0
-134.0
653.0
216.0
525.0
-50.0
539.0
222.0
-50.0
-144.0
577.0
-146.0
193.0
457.0
615.0
-99.0
94.0
174.0
502.0
352.0
379.0
-99.0
34.0
105.0
121.0
468.0
371.0
313.0
537.0
515.0
-67.0
443.0
-156.0
59.0
577.0
244.0
529.0
63.0
28.0
569.0
52.0
526.0
424.0
4.0
615.0
9.0
486.0
521.0
48.0
314.0
-65.0
209.0
49.0
158.0
628.0
-9.0
544.0
543.0
96.0
499.0
545.0
116.0
604.0
512.0
231.0
269.0
483.0
21.0
86.0
507.0
36.0
539.0
32.0
533.0
353.0
241.0
485.0
-8.0
512.0
303.0
484.0
-7.0
503.0
519.0
545.0
625.0
576.0
655.0
610.0
450.0
474.0
-60.0
529.0
90.0
556.0
406.0
540.0
630.0
447.0
459.0
604.0
-140.0
75.0
390.0
450.0
526.0
585.0
544.0
534.0
477.0
560.0
196.0
438.0
-141.0
526.0
458.0
-77.0
39.0
318.0
-84.0
182.0
-16.0
379.0
-52.0
528.0
607.0
342.0
-33.0
535.0
437.0
432.0
556.0
493.0
-84.0
10.0
609.0
512.0
616.0
583.0
110.0
523.0
527.0
-43.0
224.0
621.0
547.0
211.0
260.0
28.0
434.0
560.0
577.0
-57.0
577.0
598.0
66.0
578.0
-34.0
-73.0
488.0
590.0
527.0
513.0
271.0
622.0
