-117.0
-201.0
-207.0
-361.0
-295.0
-637.0
240.0
-221.0
-98.0
-60.0
-102.0
-126.0
-143.0
201.0
247.0
-99.0
-86.0
-57.0
-88.0
108.0
-122.0
-43.0
-125.0
-365.0
-126.0
-151.0
-144.0
-170.0
-187.0
-62.0
75.0
-151.0
-42.0
-93.0
44.0
-24.0
-52.0
-98.0
-56.0
-60.0
-69.0
17.0
-125.0
-17.0
-129.0
-168.0
-184.0
-12.0
-16.0
-101.0
-63.0
-64.0
-68.0
-129.0
4.0
33.0
11.0
-65.0
-55.0
-19.0
-154.0
-182.0
2.0
-36.0
163.0
-31.0
30.0
46.0
33.0
-699.0
-128.0
199.0
-65.0
-154.0
-172.0
29.0
-45.0
47.0
232.0
23.0
-48.0
247.0
-41.0
2.0
-12.0
-69.0
105.0
-92.0
-147.0
-154.0
-37.0
-71.0
-66.0
60.0
-179.0
122.0
-8.0
33.0
-84.0
-281.0
-209.0
-70.0
-39.0
-109.0
-79.0
-54.0
-5.0
-84.0
-193.0
-150.0
-123.0
-87.0
-173.0
-140.0
-9.0
61.0
297.0
-66.0
205.0
-181.0
4.0
-154.0
64.0
-88.0
-153.0
-68.0
-131.0
-10.0
221.0
-62.0
60.0
-67.0
-27.0
191.0
-120.0
129.0
-96.0
-20.0
278.0
-101.0
-47.0
-165.0
-151.0
-87.0
-63.0
-252.0
-29.0
46.0
476.0
-131.0
34.0
34.0
-57.0
-133.0
16.0
-34.0
-53.0
285.0
-36.0
63.0
-127.0
-54.0
-71.0
-59.0
76.0
153.0
68.0
-125.0
-38.0
-96.0
-128.0
615.0
278.0
-73.0
210.0
-126.0
-399.0
337.0
-34.0
-66.0
185.0
-56.0
-403.0
-26.0
-17.0
-144.0
301.0
-72.0
-88.0
385.0
-44.0
259.0
52.0
-56.0
-129.0
192.0
45.0
112.0
141.0
-93.0
-48.0
89.0
66.0
8.0
-168.0
-21.0
-35.0
-113.0
442.0
-74.0
-6.0
69.0
143.0
376.0
-205.0
234.0
-137.0
-78.0
278.0
35.0
368.0
-11.0
312.0
-60.0
572.0
-11.0
111.0
-14.0
137.0
127.0
506.0
92.0
-46.0
-79.0
44.0
-6.0
-84.0
-78.0
20.0
7.0
546.0
90.0
587.0
-63.0
52.0
387.0
519.0
-150.0
204.0
148.0
-127.0
478.0
368.0
32.0
476.0
69.0
46.0
-62.0
-28.0
-20.0
-24.0
-28.0
-147.0
200.0
13.0
324.0
8.0
382.0
-136.0
476.0
360.0
1.0
77.0
95.0
-42.0
-140.0
-69.0
73.0
277.0
375.0
211.0
-50.0
-218.0
-88.0
98.0
387.0
-248.0
-52.0
335.0
93.0
131.0
-172.0
49.0
29.0
91.0
-6.0
-22.0
295.0
6.0
-9.0
249.0
80.0
5.0
488.0
41.0
275.0
129.0
-31.0
209.0
-26.0
-152.0
-67.0
41.0
-71.0
-276.0
-37.0
-149.0
-100.0
215.0
278.0
499.0
27.0
-92.0
211.0
-77.0
247.0
-106.0
399.0
-22.0
54.0
-55.0
168.0
37.0
301.0
359.0
518.0
760.0
166.0
-81.0
448.0
60.0
237.0
9.0
42.0
218.0
710.0
-83.0
11.0
49.0
-10.0
-97.0
50.0
151.0
18.0
205.0
630.0
115.0
84.0
-140.0
13.0
-36.0
298.0
105.0
426.0
81.0
-70.0
149.0
314.0
595.0
-107.0
-2.0
93.0
574.0
261.0
676.0
-48.0
16.0
140.0
365.0
68.0
81.0
241.0
98.0
-12.0
317.0
125.0
21.0
324.0
26.0
325.0
49.0
323.0
-51.0
-91.0
-83.0
374.0
-17.0
139.0
108.0
-6.0
-122.0
144.0
33.0
-89.0
-9.0
613.0
597.0
551.0
456.0
19.0
595.0
492.0
225.0
-68.0
602.0
-139.0
369.0
653.0
-28.0
114.0
731.0
673.0
-11.0
-133.0
1.0
349.0
496.0
-34.0
-76.0
252.0
48.0
99.0
38.0
387.0
-59.0
299.0
-136.0
303.0
-75.0
-60.0
448.0
-123.0
301.0
56.0
-24.0
-38.0
728.0
589.0
486.0
620.0
296.0
682.0
-127.0
-17.0
-64.0
179.0
448.0
640.0
373.0
329.0
59.0
275.0
437.0
-72.0
-50.0
504.0
36.0
123.0
351.0
12.0
389.0
618.0
45.0
129.0
19.0
211.0
451.0
69.0
57.0
58.0
689.0
-23.0
51.0
285.0
280.0
96.0
50.0
14.0
397.0
-63.0
126.0
681.0
11.0
116.0
113.0
33.0
10.0
-26.0
38.0
-10.0
-70.0
388.0
193.0
-25.0
241.0
-63.0
4.0
710.0
9.0
-123.0
-41.0
707.0
-46.0
-4.0
-46.0
438.0
665.0
43.0
28.0
42.0
-46.0
-38.0
599.0
22.0
100.0
39.0
-23.0
-36.0
-36.0
497.0
145.0
214.0
167.0
-132.0
7.0
22.0
67.0
-52.0
-21.0
82.0
86.0
194.0
43.0
249.0
380.0
-59.0
-41.0
-150.0
118.0
230.0
-18.0
25.0
98.0
111.0
-50.0
134.0
320.0
454.0
41.0
96.0
-39.0
629.0
482.0
-56.0
420.0
-64.0
-21.0
8.0
437.0
51.0
383.0
32.0
-39.0
731.0
64.0
-35.0
-47.0
636.0
378.0
-45.0
24.0
373.0
68.0
33.0
124.0
687.0
-64.0
461.0
189.0
38.0
-132.0
133.0
-147.0
306.0
686.0
-4.26325641456e-14
-60.0
712.0
-44.0
335.0
-67.0
682.0
325.0
23.0
-58.0
-26.0
293.0
50.0
675.0
-35.0
-37.0
-67.0
112.0
613.0
269.0
163.0
106.0
121.0
266.0
-80.0
-79.0
388.0
588.0
257.0
-33.0
6.0
133.0
-50.0
459.0
77.0
22.0
614.0
269.0
43.0
183.0
-80.0
-59.0
510.0
645.0
117.0
290.0
22.0
532.0
-150.0
-202.0
-48.0
-213.0
-72.0
-89.0
-42.0
-9.0
-49.0
96.0
13.0
-94.0
29.0
154.0
144.0
17.0
177.0
306.0
84.0
62.0
729.0
-36.0
-26.0
439.0
676.0
242.0
-16.0
463.0
104.0
-124.0
-61.0
48.0
285.0
215.0
32.0
266.0
135.0
344.0
-54.0
282.0
39.0
-96.0
19.0
-135.0
72.0
-44.0
-142.0
420.0
607.0
511.0
-23.0
155.0
15.0
428.0
95.0
28.0
-33.0
74.0
-39.0
39.0
227.0
27.0
102.0
660.0
665.0
356.0
365.0
261.0
56.0
23.0
122.0
233.0
580.0
250.0
78.0
-66.0
-19.0
11.0
449.0
38.0
-42.0
622.0
-117.0
299.0
-34.0
681.0
522.0
186.0
139.0
19.0
144.0
288.0
85.0
-34.0
193.0
15.0
103.0
-125.0
678.0
-69.0
731.0
680.0
129.0
268.0
611.0
306.0
-50.0
302.0
16.0
-27.0
22.0
626.0
611.0
643.0
-61.0
266.0
48.0
620.0
-62.0
-60.0
20.0
43.0
315.0
273.0
-138.0
622.0
-84.0
496.0
387.0
-81.0
-20.0
511.0
-44.0
-133.0
540.0
607.0
110.0
-68.0
587.0
43.0
-67.0
-48.0
246.0
96.0
179.0
21.0
-20.0
263.0
-9.0
16.0
-95.0
503.0
383.0
-140.0
37.0
184.0
-33.0
175.0
80.0
96.0
482.0
-23.0
-11.0
447.0
-86.0
-126.0
106.0
-12.0
-7.0
583.0
-50.0
437.0
-54.0
42.0
2.0
422.0
119.0
65.0
-112.0
75.0
-95.0
10.0
411.0
-11.0
-65.0
-49.0
-80.0
-36.0
-90.0
483.0
-83.0
509.0
-37.0
277.0
88.0
371.0
618.0
241.0
2.0
-73.0
-95.0
341.0
51.0
-141.0
-14.0
110.0
-111.0
17.0
439.0
-42.0
442.0
236.0
283.0
49.0
510.0
-21.0
25.0
218.0
67.0
-64.0
348.0
-59.0
113.0
144.0
145.0
5.0
169.0
-8.0
350.0
-12.0
366.0
274.0
79.0
64.0
91.0
31.0
133.0
344.0
-2.0
570.0
390.0
-34.0
116.0
173.0
246.0
615.0
51.0
50.0
-39.0
-116.0
629.0
229.0
-162.0
-69.0
268.0
369.0
24.0
80.0
128.0
-19.0
76.0
60.0
305.0
225.0
424.0
-156.0
169.0
-40.0
535.0
-70.0
-39.0
665.0
-11.0
364.0
42.0
89.0
62.0
-39.0
13.0
100.0
1.0
301.0
-57.0
99.0
135.0
-54.0
-127.0
39.0
-2.0
570.0
528.0
-43.0
137.0
137.0
234.0
-109.0
-76.0
38.0
626.0
8.0
-77.0
118.0
313.0
310.0
471.0
60.0
-57.0
525.0
242.0
401.0
128.0
197.0
494.0
-25.0
-59.0
160.0
-49.0
156.0
33.0
-45.0
637.0
-134.0
199.0
467.0
490.0
-32.0
-145.0
-79.0
506.0
69.0
-35.0
-32.0
485.0
-84.0
153.0
338.0
16.0
1.0
-131.0
-25.0
437.0
-95.0
-110.0
40.0
174.0
-167.0
9.0
20.0
-39.0
188.0
-51.0
22.0
-95.0
-135.0
334.0
522.0
-151.0
