28.23
24.67
19.04
13.11
17.89
75.72
72.59
15.61
24.95
11.34
23.69
21.45
13.11
84.28
100.56
25.11
21.27
16.62
28.66
23.7
22.95
14.48
7.09
17.24
87.35
37.19
10.98
15.32
25.04
56.8
34.96
14.06
14.0
23.42
46.66
9.53
95.65
32.31
15.23
15.3
19.48
25.43
34.95
32.78
9.52
112.92
113.92
103.53
57.9
106.23
43.63
18.76
16.66
9.7
90.73
21.81
27.31
19.87
17.08
27.97
14.95
80.48
27.7
13.83
143.61
40.89
24.91
81.75
24.49
218.16
35.3
31.79
46.37
46.05
21.87
23.65
12.52
18.66
87.33
19.23
17.1
78.22
46.68
27.44
55.75
23.14
96.82
92.78
43.67
12.45
45.04
76.95
20.84
42.42
49.73
131.14
110.14
25.35
24.94
122.1
114.07
24.69
99.76
32.36
20.38
40.43
24.47
29.37
88.01
32.61
40.43
30.58
56.94
45.45
29.31
106.94
95.36
18.59
152.7
40.24
34.19
47.37
46.17
22.55
16.67
21.59
10.83
38.32
89.78
14.82
73.87
22.97
10.88
134.94
96.01
84.42
94.45
37.69
103.44
23.64
17.99
127.62
37.83
22.99
18.93
55.4
12.3
80.92
175.33
7.83
49.06
17.97
16.87
10.21
29.94
12.65
15.29
93.34
13.3
32.87
8.84
18.38
22.66
18.88
39.23
78.5
41.61
8.85
14.63
21.02
8.5
113.77
71.42
22.37
155.79
8.72
106.27
211.72
44.43
36.11
65.96
20.37
153.99
9.95
36.43
15.34
146.26
76.25
25.26
141.08
16.53
102.26
42.36
14.51
37.26
245.97
49.33
90.38
103.46
43.83
16.94
35.7
80.94
24.03
49.51
98.99
39.61
6.01
165.32
18.04
122.14
215.59
82.33
184.02
59.29
172.13
12.44
26.48
136.29
17.15
137.42
99.87
219.51
21.01
135.44
34.13
60.99
37.74
90.86
64.59
163.41
96.73
14.48
28.5
110.74
64.85
22.3
23.51
58.29
88.46
152.19
68.38
130.99
21.74
77.93
183.7
164.18
46.56
168.71
103.41
98.48
170.2
146.87
24.88
82.96
45.38
143.91
23.14
144.21
140.02
96.49
45.66
12.68
97.23
27.95
147.21
53.82
136.61
9.34
116.88
144.48
22.75
29.85
91.6
11.43
9.76
16.66
73.11
95.91
137.5
130.32
12.97
68.63
19.47
157.63
138.89
30.47
57.34
151.91
89.39
121.95
61.16
101.14
38.67
26.17
23.59
28.99
94.75
44.62
26.0
124.78
72.01
24.26
117.76
75.09
157.29
81.67
74.97
89.07
49.65
12.68
37.89
16.94
15.05
72.53
29.36
74.08
42.92
87.16
73.62
110.69
18.74
21.71
128.46
19.66
80.19
25.77
130.4
25.73
120.03
12.1
73.33
163.59
78.23
90.51
167.65
94.08
124.67
27.12
124.32
50.36
98.1
28.38
24.48
144.94
131.51
29.76
30.38
53.54
27.06
24.26
51.46
59.16
31.21
79.88
152.72
51.73
180.47
14.87
113.59
13.86
149.65
78.73
112.25
50.93
24.47
61.78
77.62
155.79
25.79
67.57
83.57
171.34
59.16
130.15
17.61
36.64
29.72
92.52
32.85
43.76
69.0
46.52
44.27
113.76
33.29
34.59
103.99
25.42
88.47
19.88
152.9
20.91
72.88
28.92
129.92
9.53
30.71
72.34
46.47
86.36
60.88
28.48
35.64
71.96
144.27
166.94
184.26
209.27
88.94
172.85
199.45
114.8
25.5
160.57
45.81
90.62
144.44
12.99
69.16
114.7
142.27
40.29
11.82
40.38
105.76
191.51
16.69
32.1
84.6
62.04
38.0
70.4
95.97
22.55
83.12
13.5
83.73
31.55
37.03
104.48
10.28
82.46
18.83
11.88
17.77
118.36
163.52
94.47
93.36
47.96
119.39
11.69
8.99
23.12
82.53
107.25
154.3
90.41
112.63
21.6
59.53
151.0
20.82
20.21
116.57
25.22
75.48
102.23
21.18
84.28
152.31
26.25
30.36
31.69
80.99
103.33
48.55
19.92
34.02
128.1
12.44
22.3
86.3
93.08
47.02
20.43
34.93
129.71
80.38
55.57
126.69
35.88
36.44
38.69
25.53
33.89
12.86
91.56
25.63
24.21
87.31
44.88
12.73
88.59
22.73
37.8
123.17
34.68
27.12
18.57
120.13
20.55
32.11
18.49
110.99
131.33
84.3
29.08
15.74
20.41
16.87
169.83
31.2
39.5
91.39
134.41
14.41
15.96
121.54
25.99
80.93
91.74
12.4
32.97
32.59
50.33
23.83
11.84
51.96
44.86
45.33
26.57
134.7
160.58
23.78
14.53
12.37
33.39
110.92
46.42
27.25
70.3
36.9
18.36
27.1
70.82
98.48
26.72
47.87
18.05
144.97
95.58
19.71
84.28
27.01
110.46
34.9
113.28
35.59
91.86
27.19
17.77
104.43
46.42
45.01
14.3
132.26
130.5
11.71
31.61
99.07
50.22
27.02
29.3
123.8
25.53
93.42
44.58
81.47
13.11
31.87
14.0
77.22
123.34
39.44
25.7
129.55
20.56
110.47
24.07
128.74
114.1
29.38
23.45
12.49
149.07
24.36
130.92
9.95
11.5
20.23
37.93
154.13
89.13
89.82
38.15
35.04
102.45
19.0
33.33
118.97
168.18
87.29
14.28
34.88
30.52
16.87
99.83
53.15
35.24
153.64
92.05
21.79
47.75
53.37
25.34
191.95
141.69
44.65
87.29
35.03
182.06
72.73
151.49
20.29
108.83
101.21
102.49
32.2
46.41
14.54
41.01
29.12
28.46
31.39
22.72
56.72
31.62
31.95
109.06
42.1
90.59
115.79
17.56
12.47
109.12
124.81
93.93
27.95
100.61
31.99
9.9
22.67
23.07
84.7
70.33
31.42
100.05
40.55
92.43
22.52
78.45
28.45
35.18
32.75
11.67
14.99
16.84
10.11
110.02
147.27
107.33
51.14
61.74
28.09
131.34
39.3
29.07
31.31
47.36
16.43
28.76
68.6
26.4
79.25
130.37
122.21
93.93
144.5
124.22
57.88
65.57
33.39
104.81
155.23
100.19
44.57
22.8
28.05
30.54
105.2
22.42
19.52
139.38
7.68
76.37
49.11
131.78
112.75
39.78
60.15
32.63
62.1
82.87
45.99
16.39
96.24
28.84
24.08
10.13
124.63
21.07
101.39
119.49
31.48
90.55
82.8
74.47
34.48
107.33
29.62
41.61
27.3
142.69
146.8
127.18
18.99
87.61
36.03
130.09
21.29
25.12
27.12
23.7
73.67
103.45
9.75
98.15
19.11
123.92
149.14
18.52
28.95
127.35
12.1
8.54
119.73
98.59
45.27
17.31
105.37
17.34
15.57
12.07
91.85
26.57
54.3
20.49
26.37
82.81
29.52
23.71
67.46
120.1
151.4
9.33
39.92
80.54
29.6
80.63
32.51
30.85
122.62
27.39
30.72
139.13
20.4
8.69
23.5
27.64
27.18
104.32
36.29
133.12
36.21
17.26
25.87
92.76
80.05
75.5
24.39
35.06
19.04
46.45
136.43
54.14
16.97
13.29
18.22
11.39
21.8
123.91
21.48
114.33
36.26
102.17
99.13
106.98
88.22
81.6
24.81
16.98
23.7
157.93
39.34
10.7
26.45
48.8
24.6
21.91
131.93
35.31
135.69
89.11
82.76
89.33
125.29
28.9
105.14
140.43
57.83
37.65
149.91
13.71
46.48
53.84
43.42
25.03
75.08
19.86
145.21
29.3
163.23
76.2
44.49
48.78
42.12
26.37
82.34
131.05
34.88
148.61
134.43
42.62
95.59
82.87
81.15
133.69
33.98
19.07
13.23
6.53
132.32
93.68
46.58
22.01
85.29
106.67
82.64
102.43
92.95
183.21
100.52
54.83
164.49
71.34
135.54
12.92
179.76
15.5
144.54
25.56
11.41
114.98
39.37
109.75
19.1
70.01
31.27
14.27
29.98
65.9
31.82
148.03
17.28
65.64
54.73
10.75
49.68
19.58
68.59
142.74
142.22
14.2
46.97
112.53
121.85
29.28
18.47
20.72
123.57
30.76
27.77
31.39
128.81
88.21
110.04
45.49
14.16
152.11
79.2
96.81
83.21
36.49
154.99
64.46
18.82
81.19
12.48
81.6
22.07
72.79
125.4
71.63
100.25
176.67
155.56
11.64
10.95
24.3
151.22
45.34
12.82
12.31
159.58
25.99
46.84
166.65
102.63
92.6
6.75
32.93
132.07
22.26
26.47
39.67
59.51
15.86
20.91
44.53
9.83
99.65
33.31
134.69
22.69
52.81
88.09
114.96
31.83
