194.0
92.0
-58.0
-72.0
-167.0
-57.0
-147.0
-344.0
-228.0
-199.0
-336.0
-211.0
-216.0
-201.0
-207.0
-337.0
-151.0
-394.0
-61.0
-52.0
-209.0
-112.0
-125.0
-221.0
-140.0
43.0
-121.0
49.0
-66.0
138.0
-74.0
-94.0
-26.0
-86.0
-132.0
10.0
-47.0
-94.0
-57.0
-36.0
86.0
-201.0
-141.0
-61.0
-143.0
-130.0
-89.0
-48.0
88.0
-47.0
-58.0
95.0
-47.0
246.0
33.0
14.0
10.0
-170.0
-68.0
14.0
26.0
21.0
-146.0
-168.0
-60.0
-76.0
-132.0
34.0
-145.0
-65.0
15.0
-126.0
-64.0
-122.0
-49.0
-138.0
147.0
111.0
-11.0
-162.0
-38.0
-146.0
13.0
-56.0
-37.0
24.0
24.0
319.0
54.0
-18.0
-20.0
-47.0
200.0
-139.0
-80.0
-130.0
-29.0
83.0
19.0
-74.0
-136.0
-78.0
-132.0
-112.0
-45.0
-143.0
-32.0
-41.0
47.0
77.0
-87.0
-80.0
-11.0
-29.0
8.0
6.0
-53.0
-50.0
-58.0
-69.0
1.0
-137.0
-139.0
-58.0
-25.0
0.0
-111.0
-60.0
-58.0
-62.0
-75.0
14.0
-108.0
-30.0
-141.0
-14.0
-171.0
-30.0
-57.0
-118.0
-81.0
-101.0
-17.0
-72.0
-202.0
-247.0
-181.0
-197.0
-120.0
-68.0
-178.0
-49.0
-32.0
-225.0
-37.0
-6.0
-295.0
-195.0
-350.0
-747.0
-354.0
-532.0
-274.0
-166.0
29.0
-148.0
-79.0
-201.0
-338.0
-220.0
70.0
-78.0
-292.0
-137.0
-199.0
-89.0
-153.0
-176.0
18.0
-603.0
-117.0
-267.0
-240.0
-146.0
-270.0
-82.0
-73.0
-289.0
-209.0
-178.0
-595.0
-40.0
-134.0
-99.0
-534.0
-102.0
-98.0
15.0
-247.0
-152.0
-240.0
-119.0
-173.0
-57.0
-118.0
87.0
-64.0
-129.0
73.0
-111.0
-107.0
76.0
-93.0
86.0
-134.0
-153.0
-30.0
-88.0
-357.0
-150.0
-33.0
-140.0
12.0
-47.0
-120.0
-70.0
-155.0
159.0
78.0
-169.0
-58.0
276.0
-25.0
-150.0
-69.0
-28.0
-82.0
-146.0
35.0
56.0
-24.0
-13.0
-21.0
8.0
-67.0
-146.0
-88.0
107.0
140.0
-91.0
-26.0
97.0
-37.0
23.0
25.0
-81.0
-37.0
-60.0
-140.0
-19.0
-111.0
159.0
-76.0
-121.0
-72.0
-98.0
39.0
-67.0
-94.0
5.68434188608e-14
-133.0
-70.0
32.0
-86.0
15.0
-77.0
-156.0
-137.0
62.0
-71.0
-65.0
-63.0
421.0
17.0
-124.0
-31.0
-1.0
-82.0
-146.0
-34.0
-53.0
-19.0
2.0
85.0
-58.0
-13.0
-104.0
-62.0
78.0
-103.0
-188.0
-51.0
-58.0
-26.0
-145.0
-112.0
-80.0
-76.0
114.0
308.0
230.0
-76.0
-124.0
166.0
-14.0
15.0
7.0
-88.0
-172.0
29.0
-12.0
-57.0
-67.0
-74.0
97.0
-112.0
-130.0
-55.0
39.0
-90.0
-95.0
38.0
-14.0
-25.0
29.0
572.0
142.0
135.0
-64.0
136.0
-171.0
-80.0
-140.0
-135.0
53.0
6.0
68.0
-12.0
-77.0
45.0
67.0
103.0
-47.0
132.0
380.0
286.0
6.0
108.0
71.0
636.0
-67.0
19.0
-80.0
-76.0
-19.0
-147.0
165.0
1.0
-54.0
121.0
-46.0
8.0
-135.0
-96.0
-9.0
-127.0
157.0
-87.0
7.0
38.0
21.0
-17.0
-40.0
287.0
-47.0
87.0
-82.0
300.0
-109.0
-81.0
9.0
-137.0
-42.0
135.0
-40.0
-84.0
23.0
69.0
-156.0
-76.0
48.0
-51.0
-134.0
161.0
-72.0
-34.0
-22.0
-123.0
-164.0
131.0
-33.0
12.0
181.0
207.0
24.0
-61.0
-63.0
-50.0
-46.0
37.0
-164.0
-141.0
75.0
-21.0
-105.0
-79.0
-43.0
240.0
-146.0
-5.0
184.0
43.0
25.0
-38.0
-79.0
77.0
-4.0
3.0
49.0
-16.0
107.0
8.0
30.0
-95.0
140.0
-51.0
548.0
-193.0
124.0
-68.0
-67.0
22.0
-48.0
26.0
-63.0
-52.0
-58.0
-40.0
12.0
-30.0
-92.0
5.68434188608e-14
-131.0
169.0
-133.0
-47.0
-44.0
-131.0
-48.0
-76.0
-21.0
-36.0
-34.0
-92.0
-91.0
-38.0
38.0
-147.0
-148.0
-31.0
-222.0
-123.0
204.0
-136.0
204.0
-34.0
-146.0
-75.0
-59.0
-91.0
-97.0
2.0
24.0
59.0
-209.0
-143.0
-147.0
-112.0
-107.0
-21.0
-174.0
-130.0
-56.0
-58.0
-48.0
-2.0
2.0
-160.0
72.0
21.0
-55.0
-72.0
-28.0
-173.0
-34.0
-44.0
-143.0
-56.0
-191.0
-133.0
-42.0
-136.0
-158.0
-25.0
-81.0
-70.0
97.0
-71.0
40.0
2.0
-41.0
213.0
-74.0
33.0
-147.0
-14.0
-23.0
-142.0
-81.0
-135.0
3.0
120.0
-115.0
18.0
-164.0
114.0
-165.0
-47.0
-17.0
-118.0
602.0
-67.0
-69.0
-43.0
-90.0
126.0
-78.0
-46.0
-140.0
163.0
-71.0
31.0
154.0
112.0
218.0
-45.0
5.68434188608e-14
-171.0
77.0
40.0
-103.0
-79.0
-163.0
-62.0
44.0
-126.0
33.0
-98.0
-31.0
-127.0
564.0
142.0
-42.0
-166.0
-70.0
-120.0
-110.0
-60.0
-218.0
-181.0
-39.0
25.0
-110.0
-49.0
-89.0
-150.0
96.0
-25.0
-141.0
-170.0
-45.0
-66.0
271.0
-163.0
126.0
-37.0
-96.0
-143.0
-140.0
234.0
110.0
-173.0
161.0
37.0
-26.0
-69.0
82.0
-45.0
-1.0
-470.0
-172.0
-8.52651282912e-14
-17.0
-12.0
1.0
19.0
-135.0
-175.0
-102.0
-166.0
45.0
-73.0
-105.0
-47.0
-100.0
73.0
22.0
-142.0
-111.0
-183.0
201.0
14.0
-150.0
-175.0
-150.0
-20.0
-5.0
-101.0
-169.0
-53.0
-107.0
-117.0
-42.0
-82.0
-156.0
-19.0
-40.0
-5.0
-101.0
-60.0
-55.0
21.0
-90.0
-140.0
-62.0
54.0
-168.0
-101.0
-66.0
-146.0
-171.0
-191.0
87.0
-125.0
-13.0
-135.0
-154.0
-94.0
-157.0
4.0
-153.0
74.0
-19.0
33.0
-71.0
119.0
-229.0
-101.0
-27.0
-153.0
-228.0
-44.0
287.0
-67.0
195.0
89.0
-41.0
5.68434188608e-14
-105.0
-84.0
-162.0
-6.0
-40.0
156.0
-12.0
-77.0
-62.0
-58.0
-62.0
4.0
50.0
453.0
-51.0
-73.0
134.0
11.0
145.0
-141.0
-166.0
-72.0
-47.0
-94.0
-117.0
22.0
-133.0
-26.0
-144.0
-73.0
-236.0
-137.0
-120.0
-93.0
-89.0
-71.0
110.0
-4.0
168.0
-164.0
50.0
69.0
-26.0
-121.0
-30.0
-137.0
-3.0
-56.0
14.0
-33.0
30.0
-144.0
-3.0
-51.0
-165.0
-74.0
40.0
497.0
32.0
192.0
-73.0
37.0
-60.0
34.0
17.0
-97.0
-38.0
-73.0
19.0
-141.0
31.0
-25.0
-11.0
-75.0
247.0
-84.0
207.0
-135.0
9.0
16.0
-33.0
-94.0
-203.0
-75.0
-46.0
-158.0
-16.0
2.0
-131.0
-145.0
-158.0
-209.0
-56.0
44.0
-86.0
-101.0
-150.0
-133.0
-141.0
38.0
252.0
28.0
114.0
104.0
-60.0
-64.0
36.0
-57.0
-65.0
36.0
-73.0
-146.0
-92.0
-48.0
-168.0
-160.0
-21.0
-64.0
93.0
-60.0
-66.0
-79.0
-64.0
-178.0
-133.0
-29.0
-115.0
38.0
-188.0
-243.0
-109.0
-21.0
-79.0
-219.0
-122.0
-126.0
97.0
-37.0
35.0
3.0
-69.0
158.0
298.0
-63.0
12.0
-49.0
158.0
219.0
99.0
-43.0
87.0
19.0
-62.0
-205.0
-34.0
-120.0
32.0
19.0
-118.0
163.0
12.0
143.0
-148.0
-73.0
-72.0
-15.0
-136.0
-91.0
-159.0
-27.0
-105.0
-226.0
-197.0
78.0
230.0
3.0
-121.0
-59.0
51.0
-51.0
-109.0
29.0
-52.0
-50.0
-146.0
-155.0
-25.0
-60.0
-42.0
3.0
-59.0
-148.0
15.0
176.0
-37.0
-28.0
-48.0
109.0
-74.0
-152.0
-87.0
59.0
41.0
-51.0
29.0
-127.0
-63.0
248.0
-46.0
-137.0
15.0
29.0
-18.0
6.0
59.0
-101.0
57.0
-120.0
-202.0
101.0
-26.0
-22.0
-75.0
-35.0
209.0
-71.0
-51.0
13.0
373.0
82.0
225.0
43.0
227.0
12.0
-125.0
-21.0
-76.0
-90.0
-56.0
48.0
105.0
-17.0
-4.26325641456e-14
-168.0
-93.0
173.0
-68.0
-173.0
-32.0
85.0
-27.0
-131.0
-73.0
-11.0
-153.0
-128.0
-144.0
-92.0
-137.0
-170.0
-21.0
-84.0
-6.0
-18.0
-84.0
-146.0
-52.0
-129.0
27.0
46.0
-47.0
-51.0
-73.0
2.0
-131.0
-130.0
38.0
-30.0
132.0
200.0
-160.0
-30.0
-137.0
-54.0
-20.0
-64.0
-71.0
-89.0
-6.0
-72.0
-67.0
205.0
30.0
173.0
225.0
-16.0
-79.0
-41.0
317.0
-23.0
-29.0
-126.0
