69.07
37.48
20.96
20.49
19.39
42.2
14.59
27.92
16.69
19.09
23.82
14.39
15.29
20.23
14.83
29.38
11.66
43.68
18.33
13.1
14.61
22.55
9.5
13.11
10.77
16.67
7.97
69.74
21.96
38.79
21.18
20.68
10.85
29.37
10.82
23.64
14.0
22.83
18.69
9.79
41.59
15.77
11.73
19.07
12.69
9.84
23.26
15.85
38.82
11.86
18.91
37.07
18.01
49.07
54.15
31.53
29.51
34.22
19.98
20.23
25.81
24.92
16.63
16.55
15.46
22.64
11.06
24.29
12.01
16.09
25.43
9.1
20.25
8.7
19.09
10.83
46.61
32.46
32.4
11.29
11.2
13.0
28.82
19.29
12.41
26.41
20.83
99.15
18.16
8.11
8.71
17.03
86.69
14.2
19.97
10.54
12.6
38.92
28.77
17.05
11.96
24.45
11.27
30.61
17.24
15.73
13.28
17.07
70.88
50.65
27.08
47.81
60.2
12.67
31.9
30.94
16.71
19.54
22.92
17.39
32.1
13.37
14.29
22.38
9.67
35.84
35.38
22.06
21.7
15.99
27.54
27.09
5.81
47.34
14.99
42.05
11.18
36.79
20.31
28.03
91.84
97.81
115.83
54.47
38.16
136.39
28.8
68.07
44.01
39.47
27.71
18.64
12.67
41.89
129.01
42.63
142.89
132.14
123.0
228.69
164.38
269.64
96.05
25.94
25.81
54.39
31.22
36.32
102.36
105.8
44.13
28.32
104.35
50.65
74.15
34.08
21.77
104.77
33.49
98.43
42.64
171.33
50.2
50.8
53.12
30.1
26.94
95.72
38.04
38.36
170.48
85.56
49.92
37.43
190.58
30.88
30.42
29.43
157.06
116.59
118.49
81.97
27.16
98.5
76.79
120.98
102.26
251.16
113.38
27.22
78.47
49.06
70.85
40.08
45.47
19.85
48.25
35.5
116.91
12.01
13.49
15.02
77.13
18.57
72.75
27.08
19.75
83.74
52.87
16.07
21.2
83.01
12.51
20.18
26.87
12.99
28.67
19.5
201.87
35.29
87.6
82.22
33.19
38.16
19.24
17.78
25.83
75.5
106.33
22.62
11.91
36.69
15.48
28.86
29.01
56.72
16.46
22.17
17.66
28.75
43.77
95.32
28.2
39.67
26.1
35.26
53.71
23.62
58.02
48.51
13.7
27.82
26.85
27.27
67.44
87.63
19.14
15.26
58.98
17.89
27.43
23.9
202.69
32.67
9.89
90.3
41.16
33.22
17.55
9.69
20.95
8.57
75.17
100.09
19.92
43.67
34.69
22.61
107.33
110.17
34.56
19.02
23.88
11.63
17.79
5.62
68.2
31.58
37.39
115.73
60.73
22.29
10.43
197.56
42.8
35.23
36.05
35.82
27.05
19.17
36.7
23.96
30.33
29.14
106.34
43.15
12.48
21.17
24.21
21.89
30.59
19.4
39.18
11.95
28.66
166.59
92.84
57.35
17.99
64.2
19.02
28.03
14.99
13.96
19.6
57.14
47.68
72.38
24.98
40.71
52.73
41.9
43.18
61.26
154.57
86.17
68.6
55.25
148.03
105.32
22.44
28.84
27.09
22.12
61.27
15.53
84.32
36.18
55.34
68.4
17.0
61.51
40.74
29.57
34.25
12.14
207.4
30.56
33.39
16.43
62.13
100.69
14.31
132.79
19.48
43.13
29.05
99.27
32.48
16.73
28.92
12.48
97.77
87.51
41.99
24.06
27.76
136.79
70.58
17.4
19.51
22.84
12.29
85.47
24.54
48.15
40.02
9.86
18.09
19.8
44.12
29.97
50.16
104.66
30.39
20.16
21.38
18.59
17.57
18.78
19.96
13.74
46.37
41.97
32.21
23.63
48.83
102.63
17.66
26.23
109.55
25.23
23.12
49.66
24.73
76.38
31.05
38.4
17.16
28.41
30.09
28.89
63.54
28.65
58.89
22.2
154.13
35.47
51.2
16.28
19.83
27.0
21.12
30.31
24.33
20.42
19.59
16.07
34.25
9.04
31.34
36.53
11.53
84.0
13.73
16.33
17.93
12.38
19.6
40.9
10.34
16.59
86.46
30.49
35.72
40.9
23.96
19.24
18.92
31.57
42.06
42.49
104.95
49.53
77.69
16.61
17.49
21.46
20.17
67.26
33.01
39.46
27.86
83.62
97.77
12.87
17.16
49.8
32.63
27.87
21.95
83.09
17.86
20.94
21.1
35.82
72.92
25.55
70.24
21.12
19.67
30.13
12.6
26.51
9.81
16.77
13.61
17.17
27.04
8.83
87.43
13.05
22.45
46.96
31.43
25.68
97.77
23.26
18.67
25.42
17.86
152.59
23.29
58.53
16.97
41.0
81.33
50.81
28.95
7.69
71.01
162.02
6.69
32.28
79.22
104.19
20.57
42.1
44.04
25.82
157.16
25.7
23.24
17.9
33.59
33.33
31.29
18.19
19.23
122.0
27.16
22.46
81.23
35.25
167.93
18.15
107.66
26.24
41.58
16.74
37.25
27.21
22.76
60.75
22.24
10.71
20.32
29.15
11.31
29.12
152.94
77.15
16.15
18.57
23.31
25.79
36.02
23.67
40.95
39.0
14.1
30.84
37.22
53.71
18.97
19.55
92.19
47.19
44.76
15.91
14.36
28.95
89.21
23.7
98.57
15.26
70.78
18.31
13.92
108.09
35.97
26.74
87.34
58.26
34.01
27.66
77.09
33.81
30.16
99.12
25.03
77.9
45.8
83.06
32.45
97.5
11.64
21.82
26.01
14.97
179.63
43.26
26.37
35.3
20.26
53.82
20.06
11.12
48.05
18.5
102.95
45.72
12.09
61.05
37.61
30.04
50.12
25.68
16.53
13.41
73.26
27.08
35.69
79.07
30.69
31.12
39.21
28.09
25.41
14.92
41.98
118.0
42.73
33.97
16.4
101.3
18.9
27.11
61.08
54.5
17.32
20.78
31.04
32.48
28.34
9.48
32.04
23.89
15.16
23.36
13.72
60.35
32.21
19.51
17.3
44.1
33.88
17.93
30.27
12.45
30.16
12.39
101.25
16.25
55.52
31.12
12.33
28.57
26.73
19.92
14.83
27.56
53.85
86.67
27.48
20.72
15.28
15.02
15.4
62.88
38.37
126.78
14.29
18.95
42.58
23.04
105.17
10.77
16.31
16.53
85.12
24.82
21.35
43.94
9.49
8.08
10.15
19.28
107.89
8.91
20.13
69.0
20.09
20.21
25.14
22.17
60.08
12.26
36.94
53.14
28.61
30.35
9.97
9.05
25.79
40.05
21.94
31.19
87.91
9.34
27.35
38.14
17.83
17.7
63.91
115.03
19.01
76.44
16.38
16.23
15.89
68.02
45.1
21.01
12.61
18.83
20.77
10.15
45.44
7.74
71.87
18.18
87.64
22.84
78.96
9.73
26.05
45.62
12.9
20.39
46.95
20.4
12.23
26.53
28.93
28.08
9.69
11.21
9.7
37.47
14.32
15.51
22.33
22.47
12.3
10.05
9.72
24.28
116.02
40.59
36.28
117.17
22.67
22.1
23.88
23.25
22.59
28.15
26.11
11.67
66.98
47.79
15.64
38.95
43.1
24.65
75.15
18.39
24.05
19.72
21.97
26.53
12.36
47.43
92.38
24.86
28.19
55.05
32.95
29.74
34.06
78.88
9.38
10.6
44.4
15.15
29.19
36.88
30.64
37.98
156.62
20.29
34.95
20.02
93.44
77.31
35.44
20.61
41.79
21.44
26.81
40.81
12.17
8.99
30.11
31.91
12.07
133.81
32.03
84.75
18.77
27.96
30.3
73.49
15.93
36.27
21.33
13.06
17.53
34.92
26.92
50.96
71.77
35.7
9.97
43.26
23.59
24.08
5.03
19.54
51.68
19.5
19.32
24.56
33.1
21.47
15.14
40.95
23.97
10.93
31.02
92.52
18.98
13.99
18.83
38.63
21.9
24.77
30.19
35.21
71.24
24.71
30.2
12.19
24.78
67.55
17.73
17.6
33.86
41.37
10.61
26.21
58.03
30.9
19.14
60.85
58.04
38.29
46.45
54.74
33.17
17.36
74.18
22.37
23.61
37.41
98.89
43.36
108.95
38.15
147.21
40.55
11.24
46.31
30.02
36.63
18.83
56.36
43.26
29.39
29.13
16.64
23.99
86.18
39.64
40.33
81.35
51.49
32.47
7.96
19.28
29.3
15.49
8.56
11.63
24.39
11.34
17.69
29.92
37.45
29.2
27.54
18.56
30.03
13.68
7.74
45.27
42.33
14.06
12.54
20.71
25.35
9.3
35.37
18.72
55.94
70.98
81.73
15.4
8.48
10.57
35.99
33.44
20.16
19.87
21.17
27.63
18.8
19.6
69.22
42.9
65.11
91.07
28.57
21.04
11.61
101.56
32.23
9.8
6.94
