204.93
203.11
202.74
201.95
202.15
202.24
202.07
202.18
202.18
201.92
202.15
202.12
202.18
202.28
202.16
202.29
202.23
202.39
202.19
201.91
202.19
202.39
202.18
202.18
202.18
60.44
202.2
202.19
202.17
201.93
202.22
202.47
202.3
202.34
202.53
202.52
202.04
204.26
201.99
201.75
202.0
202.22
202.02
202.01
202.03
202.02
202.23
202.05
202.23
201.77
202.06
202.33
202.26
202.03
202.27
202.09
202.05
202.04
202.05
201.75
202.04
202.11
202.3
202.08
202.09
202.29
202.11
202.09
202.12
202.0
202.29
202.09
202.13
202.11
202.11
202.27
202.09
202.09
202.26
201.77
202.06
202.28
202.09
202.05
202.25
202.03
202.05
202.05
202.09
201.81
202.05
202.06
202.08
202.08
202.28
202.07
202.09
202.27
202.07
201.8
202.05
202.03
202.04
202.06
202.06
202.23
202.05
202.04
202.07
201.81
201.56
201.7
201.85
201.84
202.08
202.12
202.11
202.09
202.12
201.73
202.14
202.13
202.34
202.07
202.15
202.13
202.34
202.1
202.11
201.94
202.15
202.16
202.12
202.15
202.13
202.1
202.33
202.16
202.16
201.75
202.17
202.13
202.16
202.37
202.36
202.19
202.29
202.14
202.17
201.75
202.15
202.39
202.16
202.35
202.16
202.18
202.11
202.13
202.18
201.77
202.17
202.15
202.38
202.15
202.19
202.08
202.17
202.17
202.16
201.98
202.37
202.38
202.34
202.3
202.17
202.18
202.16
202.15
202.16
201.79
202.17
202.19
202.35
202.2
202.24
202.25
202.21
202.15
202.24
201.8
202.18
202.25
202.31
202.21
202.41
202.24
202.19
202.25
202.42
201.78
202.19
202.19
202.2
202.22
202.23
202.62
202.25
202.19
202.2
201.79
202.21
202.21
202.24
202.23
202.23
202.21
202.21
202.2
202.32
201.79
202.42
202.11
202.21
202.39
202.25
202.19
202.2
202.23
202.42
201.81
202.14
202.21
202.24
202.24
202.49
202.42
202.2
202.22
202.23
202.0
202.21
202.24
202.17
202.21
202.21
202.22
202.21
202.11
202.42
201.79
202.21
202.43
202.23
202.45
202.18
202.24
202.22
202.27
202.33
201.81
202.28
202.21
202.22
202.22
202.25
202.2
202.23
202.24
202.58
202.23
204.16
202.26
202.26
202.21
202.22
202.18
202.24
202.19
202.28
201.81
202.23
202.46
202.2
202.24
202.2
202.22
202.25
202.27
202.22
202.01
202.17
202.44
202.38
202.24
202.22
202.48
202.24
202.34
202.23
201.83
202.25
202.28
202.42
202.24
202.26
202.26
202.23
202.24
202.48
201.81
202.13
202.25
202.34
202.27
202.23
202.21
202.35
202.41
202.44
201.81
202.23
202.44
202.21
202.23
202.25
202.25
202.26
202.44
202.23
201.77
202.22
202.24
202.2
202.13
202.22
202.24
202.25
202.47
202.23
202.0
202.43
202.29
202.45
202.31
202.23
202.22
202.34
202.44
202.59
202.02
202.25
202.24
202.26
202.25
177.31
202.26
202.26
202.2
202.21
201.91
202.27
202.23
202.26
202.39
202.27
202.2
202.25
202.23
202.24
201.98
202.41
202.29
202.55
202.23
202.24
202.23
202.25
202.22
202.29
201.82
202.38
202.22
202.26
202.68
202.23
202.36
202.18
202.63
202.25
202.0
202.45
202.21
202.28
202.22
202.24
202.27
202.26
202.26
202.28
201.83
202.34
202.45
202.3
202.29
202.29
202.26
202.28
202.5
202.3
201.83
202.28
202.47
202.33
202.29
202.24
202.48
202.3
202.45
202.23
201.82
202.34
202.16
202.3
202.27
202.26
202.49
202.29
202.43
202.27
202.04
202.28
202.27
202.29
202.26
202.21
202.28
202.45
202.22
202.26
202.03
202.26
202.2
202.2
202.31
202.44
202.21
202.22
202.24
203.56
202.89
211.61
202.29
206.68
202.29
188.97
202.14
202.45
202.29
202.45
201.79
202.3
202.46
202.28
202.26
202.26
202.2
202.25
202.47
202.26
202.02
202.21
202.34
202.24
202.46
202.22
202.25
202.27
202.26
202.65
201.78
202.26
202.42
202.23
202.26
202.2
202.26
202.26
202.24
202.26
201.84
202.18
202.21
202.27
202.25
202.25
202.47
202.25
202.26
202.25
201.8
202.27
202.58
205.26
204.72
6.81
203.91
22.18
206.73
210.84
202.21
206.42
214.66
210.58
215.9
208.03
202.21
202.23
202.4
202.2
201.81
202.23
202.2
202.39
202.42
202.2
202.39
202.16
202.17
202.19
201.78
202.21
202.23
202.19
202.44
202.19
202.19
202.27
202.47
202.22
201.78
202.24
202.42
202.22
202.34
202.29
202.23
202.4
202.26
202.26
201.82
202.46
202.24
202.24
202.42
202.28
202.24
202.25
202.27
202.4
201.82
202.23
202.26
202.45
202.28
202.22
202.46
202.26
202.46
202.25
201.8
202.25
202.25
202.23
188.17
202.43
202.33
202.29
202.45
202.24
201.81
202.47
202.26
202.16
202.23
202.18
202.26
202.56
202.24
202.17
201.82
202.42
202.27
202.18
202.27
202.42
186.86
202.25
202.13
202.28
201.83
202.27
202.29
202.3
202.34
202.25
202.45
202.24
202.25
202.25
202.02
202.2
202.24
202.42
202.22
202.19
202.22
202.25
202.2
202.27
201.82
202.29
202.28
202.21
202.19
202.27
29.89
202.32
202.14
202.28
202.02
202.25
202.29
202.26
202.25
202.49
202.26
202.47
202.27
202.25
201.85
202.27
202.46
202.3
202.26
202.29
202.5
202.23
202.26
202.22
202.01
202.33
202.29
202.38
202.29
202.57
202.24
202.51
202.26
202.48
201.8
202.29
202.27
202.28
202.27
202.27
203.45
202.24
202.2
202.35
201.83
24.26
202.48
202.26
202.22
202.24
202.24
202.22
202.27
202.47
202.02
202.27
202.27
202.23
202.22
202.42
202.46
202.26
202.19
202.25
201.8
202.26
202.28
202.25
202.25
202.41
202.42
202.19
202.23
202.22
201.99
202.43
202.21
202.19
202.25
202.22
202.42
202.21
202.26
202.47
201.81
202.27
202.4
202.29
202.21
202.48
202.27
202.26
202.36
202.28
201.85
202.28
202.44
202.27
202.27
95.88
202.6
202.3
202.24
202.33
201.82
202.32
202.24
202.24
202.4
202.3
202.3
202.31
202.3
202.3
202.01
202.34
202.49
202.3
202.4
202.34
202.48
202.3
202.39
202.46
201.82
202.32
202.28
202.32
202.3
202.28
202.2
202.3
202.28
202.33
201.82
202.29
202.27
202.39
202.44
202.27
202.3
202.49
202.31
202.34
201.82
202.27
202.31
202.32
202.21
202.32
202.32
202.2
202.3
202.17
201.79
202.26
202.26
202.3
202.28
202.33
202.42
202.22
202.3
202.44
202.02
202.21
202.23
202.24
202.49
202.27
202.5
202.17
202.27
202.29
201.82
202.51
202.29
202.32
202.46
202.29
202.3
202.3
202.31
202.27
201.81
202.3
202.52
202.33
202.39
202.32
202.32
202.29
202.3
202.46
201.82
202.21
202.48
202.31
202.48
202.31
202.5
202.25
202.38
202.32
201.85
202.33
202.51
202.31
202.31
202.38
202.5
202.17
202.39
202.53
201.83
202.49
202.32
202.31
202.3
202.31
202.32
202.33
202.33
202.35
201.84
202.34
202.21
202.38
202.3
202.33
202.34
202.31
202.6
202.37
201.86
202.35
187.65
202.32
202.29
202.26
202.29
202.3
133.27
202.49
201.85
202.48
202.24
202.27
202.35
202.55
202.33
202.36
202.26
202.39
201.85
202.46
202.33
202.36
202.52
202.31
202.32
202.57
202.51
202.34
201.76
202.31
202.8
202.53
202.31
202.35
202.33
202.39
202.44
202.29
202.05
202.39
202.25
202.28
202.33
202.34
202.29
202.26
202.32
202.36
201.82
202.5
202.3
202.36
202.55
202.31
202.36
202.34
202.49
202.38
201.85
202.55
202.31
202.34
202.33
202.36
202.35
202.39
202.54
202.35
201.84
202.38
202.44
202.33
202.34
202.34
202.64
202.51
202.35
202.37
201.84
202.44
202.34
202.34
202.32
202.35
202.52
202.24
202.29
202.27
201.83
202.17
202.32
202.34
202.33
202.38
202.31
202.33
202.46
202.51
201.87
202.37
202.55
202.3
202.32
202.35
202.56
202.55
202.33
202.44
201.88
202.55
202.39
202.55
202.3
202.35
202.35
202.42
202.31
202.4
201.89
202.33
202.34
202.57
202.59
202.58
202.35
202.37
202.4
202.38
201.88
202.59
202.39
202.38
202.37
202.59
202.38
202.39
202.24
202.44
201.85
202.38
202.38
202.41
202.24
202.38
202.23
202.37
202.4
202.36
201.88
202.45
202.38
202.4
202.33
148.49
202.34
202.35
202.63
202.32
201.87
202.33
202.56
202.58
202.39
202.57
202.31
202.35
202.36
202.36
201.9
202.31
202.33
202.34
202.34
202.59
202.54
202.3
202.37
202.32
201.83
202.47
202.31
202.62
202.4
202.39
202.39
202.4
202.39
202.41
201.85
202.39
202.25
202.42
202.43
202.62
202.54
202.41
202.56
202.53
202.07
202.42
202.41
202.62
202.7
202.5
202.43
202.42
202.4
202.38
201.89
202.48
202.45
202.58
168.56
202.56
202.52
202.41
202.4
202.44
202.09
202.4
202.44
202.43
202.44
202.61
202.61
202.33
202.57
202.45
201.89
202.4
202.27
202.4
202.37
202.38
202.37
202.43
202.65
202.59
202.09
202.39
202.5
202.36
202.41
202.39
202.41
202.47
202.37
202.41
201.93
202.39
202.38
202.38
202.43
202.33
