90.34
84.45
193.03
137.79
53.31
97.48
109.07
82.15
205.13
7.73
84.34
204.07
139.36
17.22
15.19
204.57
202.26
202.9
84.52
27.14
59.99
50.77
22.62
60.21
77.28
40.32
40.89
116.42
53.83
56.28
48.16
82.74
75.33
23.84
52.45
27.04
47.33
42.95
34.11
52.66
41.31
27.44
88.62
101.22
59.39
65.22
59.86
37.5
19.01
15.1
141.85
99.06
16.78
22.81
67.04
21.63
20.39
21.62
21.42
19.32
52.17
18.63
71.08
54.67
103.69
209.43
121.68
19.23
67.74
30.0
26.27
114.56
58.79
208.01
204.21
204.37
206.96
168.38
207.16
208.03
206.95
207.93
207.22
97.74
149.66
114.74
101.53
148.54
27.12
155.32
121.89
111.01
91.58
86.42
93.51
99.75
142.19
137.6
124.01
96.1
73.82
29.69
44.97
72.88
85.39
132.39
107.63
55.09
99.21
32.29
77.2
45.24
38.77
88.59
45.83
61.98
72.43
15.83
88.87
40.91
31.16
74.87
69.1
82.55
19.45
54.01
86.9
113.18
24.22
94.33
82.58
39.19
87.54
91.2
93.67
107.19
89.14
42.67
53.88
50.21
31.57
40.27
54.39
21.12
17.04
100.33
64.85
39.01
90.13
116.37
97.02
147.92
63.13
82.32
47.67
90.09
70.12
29.71
88.14
84.77
64.39
16.65
85.11
93.57
80.06
28.51
105.65
33.57
121.47
42.64
48.26
57.73
91.5
100.6
136.1
80.95
91.17
117.23
89.06
105.11
101.07
93.29
97.16
72.56
85.76
97.98
135.89
92.7
100.91
90.16
112.5
94.26
91.79
100.5
91.28
89.56
90.39
92.29
101.67
85.43
89.13
92.09
126.03
88.78
94.62
105.18
121.38
86.76
86.66
116.47
108.37
95.81
91.56
96.58
98.83
85.85
92.69
97.39
102.96
90.29
93.56
85.94
110.17
89.78
87.77
97.24
104.22
87.63
95.79
76.48
81.74
105.64
125.97
95.2
85.33
95.65
84.27
101.43
89.41
96.64
110.95
104.53
91.48
119.86
102.02
117.7
113.77
128.07
122.3
110.77
104.12
94.08
117.69
120.08
106.63
132.18
88.38
133.93
137.16
96.34
181.72
177.34
210.35
124.39
145.98
192.54
208.25
210.61
206.22
204.54
204.25
202.78
203.78
203.58
204.43
204.51
208.63
207.47
99.81
10.92
130.85
210.38
211.53
208.21
130.3
208.76
143.35
13.47
207.02
132.92
156.19
72.38
199.05
151.27
126.98
206.61
112.87
209.47
205.69
37.07
207.9
206.51
202.71
236.51
25.31
30.7
247.9
142.39
237.9
204.55
50.62
241.47
129.39
238.78
254.09
135.71
231.26
233.08
237.8
204.49
239.71
211.63
199.18
245.02
238.7
35.9
150.5
72.42
240.64
12.85
140.53
254.57
248.85
153.07
146.52
92.07
236.22
56.41
177.27
22.39
251.49
30.12
220.45
241.71
244.36
64.71
238.9
228.78
211.79
95.32
232.53
31.89
111.24
22.64
26.78
239.64
158.76
114.81
226.43
34.33
27.27
242.51
39.46
240.09
235.88
26.41
235.82
235.94
234.85
204.58
228.18
122.56
88.2
202.75
203.64
207.25
236.02
235.76
233.68
204.55
232.52
239.24
238.76
233.28
231.48
232.38
229.0
232.61
239.04
61.79
236.44
234.51
238.55
239.79
240.68
242.62
245.27
235.33
229.3
36.28
231.07
246.45
241.39
245.34
243.11
234.62
238.76
236.09
246.38
81.64
241.57
245.19
239.4
250.33
185.52
200.29
207.16
156.04
168.36
171.01
130.42
211.66
135.65
114.01
145.3
201.32
192.75
114.2
150.72
207.15
130.64
116.3
164.06
124.8
105.35
123.45
114.95
132.85
117.83
104.12
96.24
119.32
129.87
110.2
105.4
128.26
133.73
93.01
136.56
85.94
109.3
120.09
125.77
164.49
137.17
121.28
111.11
82.25
131.53
100.64
136.59
97.83
47.67
119.46
104.67
112.62
112.14
97.62
114.45
84.6
107.08
75.44
22.1
110.97
107.9
103.63
92.7
98.59
35.03
99.27
121.43
108.62
119.94
113.26
40.73
116.31
95.11
87.07
94.39
97.15
135.11
95.36
104.54
87.37
94.87
100.37
75.08
115.96
115.25
88.0
102.16
82.93
85.24
122.79
100.89
111.22
115.44
117.48
96.01
85.24
119.36
96.68
95.58
100.43
97.25
124.21
94.9
113.55
168.99
95.03
99.09
124.82
109.62
96.0
77.78
120.1
97.26
109.14
99.2
90.76
103.38
101.82
94.59
105.45
87.13
130.13
106.4
100.34
113.45
82.79
105.65
116.43
91.84
86.95
128.77
107.24
100.26
81.39
99.89
94.79
103.02
85.63
125.9
89.96
95.67
106.42
102.82
120.07
102.89
36.31
75.77
86.55
105.81
95.73
97.92
102.95
105.23
89.42
109.47
104.18
101.73
102.66
100.61
98.1
95.74
118.42
92.82
106.41
104.58
82.65
107.33
102.45
100.55
116.99
88.8
90.03
103.46
93.98
99.09
92.48
98.38
112.07
117.9
95.87
108.86
108.53
111.65
110.85
112.68
86.21
113.63
125.46
98.86
101.44
121.2
88.61
95.61
92.27
105.62
107.08
98.68
102.63
95.48
108.06
118.32
100.64
108.27
100.92
105.85
82.05
93.6
89.42
113.38
87.81
93.3
99.34
100.65
90.71
108.54
95.19
65.27
94.79
106.08
115.16
124.27
85.22
122.49
101.87
147.36
12.61
126.69
123.1
122.77
68.89
56.78
123.8
137.78
149.92
168.87
174.57
212.87
99.91
75.75
140.7
124.53
69.15
112.78
137.88
125.13
138.15
173.14
171.24
134.59
50.92
130.19
151.68
165.02
138.73
158.7
47.94
149.35
155.98
98.27
16.74
136.27
83.84
159.28
54.59
92.58
24.9
53.37
122.4
186.99
114.98
106.83
75.52
121.2
66.88
16.24
70.52
51.57
83.17
37.67
73.47
160.53
166.43
110.35
94.64
29.22
80.36
121.49
31.26
18.27
75.17
154.34
117.41
110.08
166.58
39.74
59.43
30.49
82.05
53.28
76.65
105.8
105.94
11.58
20.07
31.3
125.9
98.87
20.08
48.02
74.0
111.35
50.55
18.88
157.76
35.15
121.66
55.86
15.24
92.36
117.19
98.65
116.96
47.57
134.84
134.56
165.9
113.07
126.58
122.05
60.27
137.41
124.09
136.11
74.43
60.4
109.38
121.57
124.99
127.32
111.67
113.45
111.02
30.76
125.59
64.67
121.62
126.13
119.57
121.85
121.03
123.43
129.35
120.08
114.45
115.82
148.44
112.53
118.47
133.28
139.3
119.46
132.04
128.11
145.84
153.07
96.6
136.2
125.85
114.63
108.51
120.67
115.83
142.5
128.28
126.27
123.96
136.19
128.66
128.96
137.16
126.96
121.14
133.3
116.41
111.54
110.94
128.05
114.84
100.6
115.65
126.07
110.12
117.05
99.21
105.03
110.55
106.97
122.57
97.78
96.43
113.12
86.41
95.97
98.84
109.64
84.52
87.43
118.37
111.61
103.74
123.06
104.01
110.92
113.67
99.54
115.35
104.49
107.02
110.74
98.02
88.37
111.62
108.88
113.45
111.62
111.58
110.38
119.29
95.21
110.85
92.91
99.62
108.03
89.56
88.05
97.5
106.1
100.6
112.46
104.33
89.3
121.96
94.39
95.61
108.94
112.32
121.92
113.37
106.29
111.23
100.62
104.0
89.81
113.74
119.32
106.16
108.89
112.38
138.69
116.03
115.97
105.02
104.81
116.24
121.07
99.3
109.42
119.24
93.59
129.08
110.03
133.2
95.38
55.85
135.95
112.18
98.76
129.71
123.08
106.67
98.2
104.79
119.32
99.99
110.76
101.81
98.08
127.42
139.67
116.86
109.8
104.94
156.65
119.57
123.91
102.75
112.56
107.59
134.7
125.27
126.97
85.43
118.04
101.67
104.24
101.32
107.94
90.35
113.09
129.67
101.63
109.36
109.1
106.44
84.77
85.72
96.47
120.26
108.72
100.82
88.17
124.87
115.16
103.83
103.71
124.79
114.35
99.0
97.42
127.04
95.35
101.63
108.29
120.45
113.68
103.74
111.32
105.05
105.14
104.65
96.4
126.19
126.49
117.67
91.8
91.05
85.44
109.53
102.75
102.28
106.39
97.98
118.07
107.67
115.87
112.37
120.25
101.22
116.92
138.5
112.48
127.86
107.74
105.88
100.84
84.02
87.26
104.13
107.87
119.14
111.08
104.22
105.84
111.88
121.19
77.38
107.96
102.04
100.41
118.9
132.29
121.81
86.41
131.73
106.44
98.14
116.07
119.62
100.45
110.66
117.05
91.39
103.45
103.54
110.34
113.4
107.73
135.04
122.0
136.52
128.53
130.31
128.45
19.72
132.03
100.32
106.13
39.63
103.59
94.42
106.76
101.47
121.5
91.0
116.7
110.19
142.12
107.87
101.37
109.28
99.68
135.05
21.34
99.57
22.71
85.89
95.32
108.68
38.26
18.47
97.6
88.64
126.33
94.83
122.13
108.77
54.32
122.56
100.69
24.94
113.01
53.04
113.65
115.1
24.55
129.76
105.47
52.72
38.7
86.73
135.43
12.79
92.54
116.31
111.27
41.06
123.26
139.05
81.38
55.44
106.88
53.3
113.32
73.88
76.16
77.32
124.18
146.75
71.01
18.06
25.55
123.69
14.18
53.5
41.4
146.83
70.77
129.64
108.89
15.24
122.64
102.86
58.66
101.1
63.95
45.71
27.75
110.16
113.99
17.04
111.67
36.21
131.6
125.6
133.44
109.88
109.43
148.6
147.43
142.32
150.13
148.43
106.22
177.54
115.84
140.81
170.41
117.38
207.84
74.83
104.93
161.13
38.43
153.67
42.5
49.79
91.85
126.54
111.47
16.63
15.79
128.81
44.42
113.35
133.17
39.94
124.5
64.43
88.33
77.48
141.24
136.26
103.24
129.28
120.83
103.61
111.13
53.14
123.64
120.48
124.0
20.91
117.89
120.89
120.23
123.11
28.62
30.14
120.17
136.32
113.62
198.41
96.62
188.62
210.42
102.26
130.25
24.96
128.89
135.52
37.08
123.9
110.02
107.63
121.08
95.72
115.54
167.31
119.58
94.69
118.47
129.44
95.07
107.47
121.39
103.05
110.37
125.13
136.65
19.31
111.35
138.24
105.96
107.78
122.91
99.7
148.89
130.75
103.05
130.02
124.91
147.08
201.2
119.89
96.53
136.87
136.46
164.21
111.3
111.68
142.89
119.74
148.99
119.7
111.29
114.61
126.19
109.69
122.65
101.35
121.95
113.53
128.36
120.27
146.02
125.27
128.44
112.17
114.33
105.48
107.2
108.16
119.41
111.72
93.94
95.73
112.21
121.15
112.97
115.96
113.43
129.06
105.9
117.97
109.17
104.99
129.1
114.41
139.43
113.77
115.59
107.34
114.91
103.76
100.5
97.51
110.94
106.03
109.16
106.84
106.74
94.03
118.9
94.88
115.29
91.73
105.83
124.16
97.54
125.27
112.42
113.68
113.78
151.97
109.82
87.78
108.13
106.44
59.82
115.08
89.75
124.39
131.18
121.52
128.3
104.18
108.79
203.39
119.52
107.57
113.56
128.59
104.76
90.71
127.81
210.13
133.7
129.82
141.01
107.59
113.71
126.22
112.4
114.68
106.94
122.29
119.3
115.29
109.14
137.67
115.14
125.56
125.37
112.8
133.84
134.88
108.16
124.37
103.52
119.26
114.26
112.36
130.71
110.37
100.47
112.07
107.68
110.98
109.4
130.8
117.51
134.86
114.32
112.65
111.48
125.92
116.0
101.66
99.83
115.55
127.96
103.26
106.37
133.36
113.34
134.65
108.68
110.97
109.29
128.25
111.46
118.52
120.13
108.22
119.62
108.44
100.41
111.6
139.86
128.28
112.83
116.17
109.1
110.51
93.4
161.57
101.36
87.97
108.09
115.06
87.45
105.61
105.41
113.34
104.09
118.17
119.07
139.32
102.69
135.31
118.79
122.16
100.47
104.05
100.38
99.26
122.67
100.89
97.5
119.58
90.59
102.55
97.09
96.91
97.46
104.96
105.75
119.46
143.86
92.39
104.2
109.58
114.89
98.96
105.24
91.42
91.98
96.74
107.44
89.2
121.56
121.6
113.92
102.57
111.37
96.65
90.18
95.84
123.94
114.75
104.85
112.76
118.79
109.33
90.09
100.11
90.5
103.22
102.63
103.63
131.89
81.79
43.97
129.83
99.56
113.46
84.3
105.75
101.52
104.25
109.57
95.19
96.36
88.56
108.54
104.76
103.0
115.35
89.54
111.16
112.28
106.75
100.55
116.21
114.58
93.33
119.89
99.32
100.05
115.1
110.54
106.23
130.21
130.82
111.77
117.22
104.33
144.35
128.83
113.03
84.92
106.75
115.48
100.73
90.73
141.97
134.32
113.1
114.99
134.05
113.22
123.58
154.55
110.16
138.84
125.02
137.61
124.23
99.97
133.82
113.77
122.18
113.58
88.93
114.28
95.1
104.11
105.36
96.39
99.39
98.96
110.37
113.49
93.64
98.06
93.67
94.46
105.16
124.85
115.24
102.29
91.22
108.0
144.92
98.91
101.7
122.71
104.02
90.32
96.57
109.37
105.5
112.17
106.75
97.77
106.09
111.67
89.56
89.11
109.03
101.63
99.69
106.59
85.28
123.11
92.27
115.08
21.32
100.65
98.99
104.98
105.19
93.55
101.03
121.26
97.87
122.72
76.75
100.16
81.73
101.62
107.74
92.38
91.92
91.13
99.62
84.41
118.38
134.25
86.94
133.06
99.31
102.92
83.13
88.8
79.11
117.88
94.56
96.47
101.19
109.58
104.37
122.65
101.14
100.82
126.26
95.86
113.33
93.33
100.22
100.78
106.92
109.65
99.68
99.26
101.43
89.97
107.62
104.59
107.6
100.76
108.6
125.65
110.01
32.46
106.85
119.74
103.39
94.09
93.85
76.73
118.43
93.78
97.99
102.97
103.15
106.91
102.26
105.56
98.13
113.8
96.39
97.53
93.36
103.8
97.09
96.26
104.87
53.74
105.16
119.04
81.9
110.81
107.99
103.42
111.55
105.68
97.97
116.27
99.2
115.01
87.81
103.8
97.63
121.37
92.69
107.99
92.2
82.93
111.93
114.45
101.89
103.4
89.27
106.84
86.47
103.62
84.75
105.4
61.27
100.79
90.93
108.61
93.97
86.82
85.06
138.78
125.85
112.92
96.85
109.83
111.39
94.02
88.37
109.0
85.46
110.08
96.62
111.3
55.36
109.01
108.64
126.88
114.81
112.53
96.54
83.49
98.58
93.75
112.21
110.61
108.55
94.62
97.42
121.86
101.32
112.93
120.42
108.4
126.83
100.42
106.47
100.4
86.75
115.64
91.7
109.12
109.72
109.8
147.91
110.43
120.55
123.02
110.74
95.21
110.56
115.78
114.34
139.92
106.45
73.47
156.95
67.22
176.34
123.5
37.7
22.3
99.36
113.42
90.61
114.03
98.95
117.82
94.0
115.48
100.03
110.23
100.26
114.74
97.46
39.5
103.69
101.63
102.89
99.6
90.22
97.71
102.03
102.09
95.68
96.26
93.06
88.57
109.28
108.32
106.16
113.83
124.37
108.83
96.7
117.48
127.52
158.03
111.25
99.96
134.5
111.04
25.86
144.01
125.56
50.96
124.0
111.36
81.09
125.19
125.69
122.98
146.63
110.35
119.8
60.54
112.56
43.38
119.16
111.81
101.36
118.22
106.24
155.61
109.63
117.07
108.34
128.42
117.61
98.34
109.58
105.77
96.87
115.55
105.68
114.64
116.45
124.21
111.47
109.49
102.19
101.98
120.96
125.98
108.28
66.07
120.6
122.86
97.0
93.99
98.74
100.11
108.26
107.79
111.66
115.48
118.03
115.7
123.49
116.14
100.37
107.27
93.04
124.36
95.61
117.36
104.65
98.65
109.93
119.05
101.06
107.29
116.86
140.94
96.25
122.46
111.46
107.44
103.53
109.07
105.84
120.57
112.83
130.41
107.14
116.46
94.6
81.38
125.45
106.25
123.67
123.54
110.83
118.44
96.01
104.42
103.62
123.5
106.02
125.16
109.83
113.34
116.4
98.9
119.46
125.2
119.49
123.9
109.26
102.53
114.76
99.74
107.8
100.28
115.01
126.79
143.9
105.04
123.42
102.44
100.36
105.11
101.63
84.79
100.95
97.42
111.06
106.25
96.03
105.84
106.94
97.28
99.86
107.24
102.63
116.07
111.59
108.17
111.67
107.91
94.77
108.72
96.05
99.45
112.58
105.41
127.66
82.97
98.13
87.16
100.4
102.89
100.23
99.61
109.29
117.6
91.74
111.07
98.85
107.21
97.38
105.97
109.52
96.63
106.27
124.31
95.27
101.44
105.83
98.02
108.41
113.33
130.52
109.12
89.37
116.73
111.65
134.36
134.12
117.8
112.61
102.31
114.46
117.93
115.15
110.67
106.99
121.88
113.1
91.52
113.4
111.06
116.58
115.92
115.42
101.25
117.03
133.9
13.76
108.45
45.75
71.52
91.12
129.64
109.62
111.64
116.48
116.48
105.49
111.84
107.18
116.35
113.5
96.12
104.44
116.72
99.27
98.43
71.88
124.33
123.43
99.42
103.07
92.43
101.31
97.86
113.69
110.5
96.85
113.29
101.99
116.77
115.72
100.84
116.14
105.23
99.16
93.04
128.1
92.31
113.11
99.55
105.29
117.62
109.06
130.9
116.71
110.12
104.7
123.07
103.32
101.64
99.66
103.41
122.33
131.33
99.55
115.83
114.29
97.39
118.41
109.77
110.75
80.89
105.9
107.29
105.3
110.53
109.09
98.19
107.78
107.61
91.4
96.3
95.53
97.94
107.88
103.56
98.81
102.51
112.29
89.48
113.03
102.98
125.24
123.81
114.03
118.2
107.97
127.17
81.61
102.9
111.78
96.04
112.71
107.79
109.92
98.56
107.78
109.55
127.26
113.22
94.06
101.61
118.7
100.27
96.45
93.07
105.44
119.08
100.45
108.41
107.46
96.32
105.7
91.3
116.31
89.08
107.89
99.22
92.59
100.71
108.75
94.66
112.11
34.35
97.84
124.21
95.49
96.68
96.2
105.87
120.98
99.37
121.56
100.09
103.27
59.58
115.12
98.09
101.02
103.15
104.73
100.52
107.59
114.94
112.47
102.15
115.91
88.65
96.24
119.17
102.82
104.31
100.72
107.15
113.38
90.5
101.83
102.12
82.59
108.64
129.78
89.19
108.96
119.81
99.53
108.59
124.78
91.1
92.45
102.43
106.15
107.76
111.58
96.53
101.24
102.87
109.06
110.59
102.83
87.39
103.17
94.69
101.16
100.71
97.93
103.64
82.12
116.59
107.89
82.98
88.36
106.17
95.96
116.56
119.97
120.93
114.39
104.76
112.12
99.72
83.84
118.01
110.54
111.8
104.59
111.01
98.13
93.14
98.65
110.45
97.48
129.29
86.48
99.7
99.74
96.87
97.92
102.4
104.36
100.38
101.3
107.15
96.02
113.78
114.74
95.71
116.92
94.54
92.24
94.81
92.48
112.96
94.11
103.36
103.13
100.5
113.11
92.32
81.0
139.9
103.94
107.15
114.79
120.19
110.17
104.74
110.57
109.56
99.16
92.56
88.94
103.15
103.49
86.32
107.97
119.57
102.06
105.82
101.88
99.2
117.56
122.01
134.28
98.84
94.38
109.96
120.31
93.68
90.54
96.71
103.74
123.09
101.56
103.98
98.05
101.82
88.72
83.83
98.14
108.24
99.99
107.05
102.55
98.94
78.9
106.16
102.22
134.26
93.02
95.4
98.21
26.55
105.91
100.82
111.93
101.96
105.14
121.59
101.48
86.16
108.08
124.03
97.12
118.8
107.17
112.17
104.6
104.85
97.98
92.02
94.52
109.97
104.06
110.79
100.64
132.8
106.97
110.98
95.2
89.37
105.92
104.15
115.75
95.12
115.7
100.98
93.43
95.71
121.34
95.33
89.71
115.83
106.58
101.71
97.77
97.11
107.17
114.09
112.01
108.03
95.24
112.1
112.58
98.13
97.34
92.7
98.3
99.58
102.31
101.24
112.18
111.79
102.67
93.46
95.74
110.79
100.38
95.84
93.94
104.02
88.86
116.13
107.46
87.99
89.23
106.48
114.9
115.49
98.93
94.43
104.28
105.04
100.79
101.16
117.81
119.56
95.38
93.95
94.38
102.54
117.53
97.0
117.6
106.87
100.58
111.59
90.55
106.16
105.11
90.7
112.23
127.45
95.01
93.36
102.58
118.14
88.15
94.12
112.19
84.29
110.53
117.24
106.79
110.17
112.39
102.93
93.96
94.55
101.92
101.25
108.82
87.79
119.59
87.9
89.92
112.63
98.87
96.98
98.92
98.43
111.76
104.43
124.93
116.06
99.58
92.4
111.23
131.61
101.95
114.29
89.55
112.15
105.02
97.77
97.84
120.64
92.46
117.41
98.29
124.53
157.52
113.83
102.41
107.01
106.08
120.68
104.2
114.35
119.45
107.28
97.4
110.81
120.46
115.3
104.2
123.6
102.19
113.45
104.12
110.49
111.42
99.78
117.65
84.06
94.97
104.33
68.12
105.4
94.83
169.04
131.68
103.44
119.16
130.99
93.41
98.1
121.85
112.23
106.33
99.27
95.61
103.61
111.19
84.48
86.81
105.24
96.8
90.21
89.92
115.11
112.92
108.82
118.55
125.53
106.37
127.62
126.68
101.76
108.13
103.78
89.3
100.52
98.47
108.42
92.59
101.22
104.42
112.25
106.57
97.43
138.2
98.83
121.24
109.34
95.99
104.41
103.07
97.58
101.96
116.26
103.82
102.17
89.99
99.78
107.63
108.17
101.2
99.17
115.45
97.09
105.23
100.03
95.8
82.76
100.01
100.64
116.66
110.04
101.53
100.6
104.13
105.23
90.99
87.78
106.06
123.05
91.41
91.6
105.44
115.36
111.89
111.54
111.65
93.34
123.88
107.83
102.27
98.54
111.98
108.49
105.66
115.89
101.52
94.91
102.86
104.92
93.5
100.45
106.34
100.11
95.2
97.05
100.95
83.78
115.28
105.84
113.88
107.96
121.2
89.89
101.02
104.95
92.63
99.86
99.14
98.42
96.83
112.26
105.42
115.15
114.49
102.02
123.9
98.44
110.05
96.25
125.52
109.68
89.33
99.04
108.21
107.85
110.71
123.27
114.86
112.25
124.66
110.13
109.16
99.12
110.39
96.45
113.86
110.09
99.09
93.46
115.1
92.66
88.53
94.27
99.18
96.74
111.19
102.64
103.36
102.38
96.39
103.23
106.39
110.13
102.66
102.73
115.09
92.48
105.07
105.67
106.29
97.53
109.95
114.95
103.79
89.24
99.42
96.45
119.3
92.74
120.16
85.82
100.67
106.22
106.86
109.09
104.54
106.18
116.87
82.03
104.28
108.67
111.61
107.31
100.29
106.19
96.46
118.43
103.3
101.77
101.38
101.29
120.31
100.33
131.65
140.56
115.3
127.54
109.12
101.45
114.32
127.63
119.98
108.56
136.35
119.71
109.12
96.66
130.71
113.37
114.51
142.79
148.75
132.93
110.11
148.08
109.51
108.52
126.97
140.89
116.81
119.53
126.89
107.98
117.64
130.36
125.29
112.72
136.35
127.14
123.16
113.4
121.69
114.99
116.71
115.03
110.24
108.23
120.92
103.49
44.42
112.18
93.41
114.79
129.21
108.9
106.92
89.64
89.35
92.44
94.31
105.73
94.12
108.39
109.74
123.66
119.75
125.56
103.31
107.28
107.83
132.66
113.24
112.4
116.54
112.7
113.17
106.71
105.4
120.04
113.13
110.45
114.22
108.05
103.39
106.62
104.5
136.78
124.88
113.73
99.26
100.08
96.42
116.85
108.77
121.58
96.86
84.07
114.17
99.07
98.22
105.59
110.88
90.14
126.79
95.37
97.58
92.31
100.69
102.55
84.4
102.48
112.28
106.4
98.3
114.04
104.05
103.52
92.32
103.9
95.3
112.96
107.46
88.42
109.35
99.31
97.99
93.91
114.76
103.45
103.51
99.88
96.74
92.37
107.63
102.96
109.53
123.3
102.2
103.22
94.13
102.62
101.06
126.95
105.52
105.95
88.44
90.09
96.14
106.37
89.91
103.71
102.06
114.81
102.04
92.27
93.51
112.83
93.11
93.47
91.21
107.32
79.67
95.58
109.16
86.11
93.39
100.96
95.39
87.67
111.17
100.34
104.02
87.14
103.72
96.12
112.17
104.88
95.11
88.99
92.9
97.53
88.18
91.05
91.02
114.91
94.13
85.28
102.79
104.93
101.64
97.03
104.95
91.17
91.13
117.18
106.24
113.13
99.53
90.96
89.29
94.89
89.15
94.82
102.82
96.74
95.65
97.52
