-542.0
-511.0
-1050.0
-776.0
-358.0
-576.0
-633.0
-497.0
-1000.0
-132.0
-501.0
-1000.0
-787.0
-73.0
-168.0
-697.0
-1000.0
-899.0
-513.0
-229.0
-392.0
-241.0
-205.0
-288.0
-478.0
-294.0
-297.0
-566.0
-254.0
-268.0
-333.0
-399.0
-363.0
-211.0
-354.0
-228.0
-329.0
-202.0
-157.0
-251.0
-299.0
-230.0
-428.0
-491.0
-389.0
-418.0
-286.0
-280.0
-188.0
-169.0
-799.0
-480.0
-176.0
-207.0
-426.0
-200.0
-195.0
-201.0
-199.0
-190.0
-353.0
-186.0
-447.0
-154.0
-504.0
-293.0
-171.0
-83.0
-218.0
-137.0
-118.0
-452.0
-386.0
-394.0
-798.0
-798.0
-495.0
-401.0
-495.0
-293.0
-495.0
-394.0
-495.0
579.0
319.0
492.0
559.0
326.0
-16.0
289.0
458.0
514.0
-20.0
632.0
599.0
565.0
356.0
379.0
447.0
579.0
-141.0
-134.0
-211.0
73.0
118.0
406.0
5.0
-48.0
571.0
61.0
678.0
-106.0
-180.0
624.0
-109.0
233.0
391.0
-66.0
622.0
18.0
-38.0
-40.0
92.0
654.0
-84.0
168.0
633.0
498.0
-2.0
596.0
654.0
-77.0
628.0
-20.0
598.0
530.0
619.0
12.0
61.0
77.0
-40.0
-83.0
59.0
14.0
-71.0
565.0
111.0
135.0
618.0
-358.0
584.0
122.0
-196.0
347.0
-119.0
615.0
509.0
-136.0
623.0
431.0
115.0
-71.0
641.0
598.0
356.0
-129.0
539.0
-49.0
463.0
-201.0
-122.0
-170.0
607.0
562.0
391.0
661.0
610.0
481.0
622.0
225.0
563.0
397.0
585.0
701.0
638.0
577.0
387.0
604.0
563.0
610.0
507.0
598.0
607.0
563.0
609.0
620.0
616.0
604.0
558.0
632.0
623.0
606.0
437.0
625.0
595.0
540.0
462.0
634.0
634.0
479.0
528.0
588.0
609.0
582.0
575.0
638.0
602.0
579.0
553.0
609.0
603.0
637.0
516.0
617.0
627.0
581.0
547.0
630.0
589.0
677.0
660.0
540.0
440.0
592.0
641.0
592.0
646.0
561.0
619.0
579.0
513.0
547.0
610.0
469.0
559.0
479.0
499.0
428.0
457.0
510.0
549.0
596.0
478.0
469.0
536.0
406.0
625.0
403.0
384.0
580.0
164.0
186.0
-192.0
447.0
337.0
110.0
-394.0
-192.0
40.0
-697.0
-798.0
-1000.0
-899.0
-899.0
-798.0
-798.0
-394.0
-495.0
-271.0
-148.0
415.0
-192.0
-91.0
-394.0
416.0
-394.0
353.0
-54.0
-596.0
401.0
292.0
-134.0
77.0
314.0
435.0
-596.0
-17.0
-293.0
-697.0
-172.0
-495.0
-596.0
-1000.0
-899.0
-104.0
-124.0
-697.0
-365.0
-697.0
-1000.0
-219.0
-899.0
-431.0
-798.0
-798.0
-352.0
-1000.0
-798.0
-899.0
-1000.0
-899.0
-471.0
-725.0
-192.0
-697.0
-261.0
-523.0
-90.0
-293.0
-157.0
-570.0
-697.0
-394.0
-595.0
-608.0
-445.0
-192.0
-342.0
-424.0
-204.0
-91.0
-233.0
132.0
-293.0
-91.0
-69.0
-394.0
-697.0
123.0
-141.0
-697.0
-27.0
-384.0
-203.0
-105.0
-394.0
-691.0
-75.0
-798.0
-263.0
-111.0
-394.0
-173.0
-394.0
-899.0
-207.0
-899.0
-899.0
-798.0
-1000.0
-1000.0
-595.0
-319.0
-1000.0
-899.0
-1000.0
-1000.0
-798.0
-1000.0
-1000.0
-1000.0
-899.0
-798.0
-899.0
-899.0
-899.0
-1000.0
-899.0
-697.0
-185.0
-899.0
-596.0
-899.0
-596.0
-697.0
-293.0
-293.0
-798.0
-899.0
-167.0
-697.0
-596.0
-899.0
-798.0
-1000.0
-596.0
-899.0
-798.0
-697.0
-389.0
-1000.0
-394.0
-1000.0
-91.0
300.0
231.0
202.0
415.0
365.0
218.0
498.0
186.0
493.0
584.0
457.0
228.0
275.0
589.0
427.0
-697.0
521.0
560.0
386.0
536.0
620.0
532.0
577.0
490.0
557.0
548.0
657.0
561.0
513.0
593.0
617.0
524.0
491.0
670.0
486.0
115.0
604.0
555.0
535.0
371.0
487.0
558.0
579.0
708.0
488.0
566.0
471.0
640.0
11.0
546.0
621.0
568.0
585.0
638.0
564.0
643.0
602.0
430.0
-87.0
584.0
394.0
606.0
665.0
643.0
70.0
572.0
530.0
595.0
560.0
589.0
46.0
572.0
655.0
680.0
648.0
582.0
490.0
656.0
628.0
684.0
649.0
627.0
222.0
571.0
578.0
627.0
625.0
708.0
687.0
537.0
626.0
588.0
576.0
558.0
644.0
642.0
541.0
648.0
639.0
621.0
642.0
526.0
653.0
567.0
324.0
591.0
622.0
520.0
579.0
656.0
722.0
535.0
629.0
594.0
625.0
615.0
603.0
627.0
652.0
605.0
678.0
495.0
592.0
627.0
566.0
654.0
600.0
553.0
657.0
678.0
493.0
588.0
615.0
706.0
628.0
593.0
601.0
674.0
511.0
670.0
645.0
579.0
606.0
539.0
609.0
43.0
725.0
678.0
595.0
635.0
627.0
603.0
594.0
670.0
570.0
545.0
604.0
601.0
609.0
621.0
630.0
540.0
647.0
592.0
588.0
651.0
581.0
603.0
608.0
532.0
663.0
659.0
590.0
634.0
621.0
605.0
629.0
539.0
525.0
623.0
572.0
572.0
550.0
561.0
559.0
635.0
544.0
503.0
618.0
602.0
516.0
648.0
615.0
636.0
569.0
530.0
609.0
593.0
620.0
565.0
520.0
602.0
563.0
607.0
587.0
653.0
633.0
654.0
540.0
653.0
638.0
597.0
593.0
641.0
557.0
588.0
127.0
625.0
580.0
524.0
477.0
668.0
492.0
583.0
382.0
-51.0
480.0
482.0
170.0
110.0
65.0
479.0
425.0
367.0
269.0
194.0
46.0
-28.0
84.0
409.0
484.0
15.0
331.0
421.0
485.0
374.0
250.0
256.0
440.0
91.0
456.0
363.0
298.0
421.0
322.0
89.0
363.0
334.0
76.0
-68.0
426.0
44.0
290.0
63.0
100.0
-112.0
-28.0
182.0
183.0
112.0
144.0
187.0
64.0
-91.0
-172.0
-128.0
-123.0
-173.0
-65.0
-129.0
296.0
280.0
124.0
-2.0
-20.0
-73.0
-157.0
-143.0
-79.0
-43.0
296.0
483.0
-109.0
235.0
-79.0
31.0
-139.0
27.0
-41.0
56.0
123.0
16.0
-151.0
-86.0
-143.0
431.0
-56.0
-87.0
-14.0
173.0
-14.0
77.0
-80.0
280.0
-56.0
452.0
-53.0
-63.0
189.0
483.0
265.0
278.0
-10.0
396.0
191.0
28.0
190.0
432.0
459.0
-75.0
385.0
446.0
185.0
68.0
137.0
514.0
459.0
445.0
428.0
307.0
503.0
514.0
-33.0
438.0
222.0
455.0
434.0
472.0
461.0
464.0
454.0
421.0
467.0
498.0
492.0
321.0
503.0
474.0
403.0
371.0
470.0
408.0
429.0
336.0
303.0
578.0
387.0
440.0
494.0
525.0
465.0
488.0
355.0
425.0
437.0
443.0
385.0
424.0
425.0
383.0
434.0
462.0
401.0
488.0
510.0
508.0
427.0
495.0
566.0
489.0
437.0
518.0
481.0
571.0
546.0
509.0
530.0
453.0
578.0
586.0
503.0
637.0
589.0
574.0
519.0
641.0
625.0
475.0
510.0
549.0
451.0
551.0
514.0
497.0
569.0
486.0
544.0
531.0
513.0
578.0
628.0
511.0
524.0
502.0
510.0
505.0
515.0
470.0
592.0
515.0
606.0
571.0
528.0
620.0
627.0
573.0
532.0
566.0
504.0
546.0
623.0
459.0
595.0
591.0
524.0
502.0
456.0
501.0
537.0
511.0
564.0
550.0
619.0
499.0
472.0
532.0
522.0
505.0
374.0
487.0
489.0
545.0
547.0
488.0
462.0
566.0
522.0
471.0
602.0
423.0
517.0
401.0
592.0
-53.0
387.0
503.0
570.0
419.0
452.0
537.0
577.0
543.0
471.0
567.0
512.0
554.0
574.0
432.0
369.0
483.0
521.0
543.0
284.0
470.0
449.0
549.0
504.0
531.0
393.0
440.0
432.0
640.0
478.0
558.0
547.0
557.0
527.0
618.0
500.0
418.0
561.0
523.0
523.0
535.0
643.0
635.0
585.0
465.0
524.0
565.0
627.0
444.0
492.0
551.0
549.0
439.0
494.0
576.0
580.0
432.0
591.0
559.0
525.0
465.0
498.0
544.0
509.0
543.0
541.0
545.0
586.0
434.0
436.0
477.0
609.0
609.0
641.0
519.0
552.0
555.0
538.0
577.0
478.0
530.0
488.0
502.0
465.0
561.0
481.0
376.0
506.0
427.0
529.0
536.0
563.0
644.0
628.0
546.0
527.0
472.0
510.0
546.0
535.0
507.0
461.0
678.0
526.0
557.0
565.0
473.0
404.0
458.0
635.0
407.0
534.0
572.0
487.0
468.0
563.0
514.0
481.0
611.0
551.0
552.0
518.0
495.0
528.0
390.0
457.0
383.0
424.0
414.0
423.0
21.0
407.0
561.0
534.0
-78.0
552.0
595.0
533.0
559.0
460.0
613.0
483.0
512.0
356.0
216.0
559.0
519.0
571.0
399.0
-93.0
571.0
6.0
633.0
588.0
525.0
35.0
-80.0
578.0
314.0
436.0
591.0
456.0
518.0
59.0
454.0
562.0
-5.0
503.0
-39.0
499.0
490.0
-3.0
413.0
540.0
69.0
137.0
109.0
391.0
-157.0
601.0
485.0
510.0
-87.0
451.0
372.0
243.0
-51.0
221.0
66.0
295.0
172.0
265.0
47.0
447.0
331.0
84.0
-77.0
-9.0
137.0
-164.0
65.0
19.0
331.0
83.0
419.0
524.0
-63.0
455.0
553.0
-66.0
361.0
-89.0
-111.0
-126.0
516.0
80.0
-73.0
301.0
-168.0
407.0
439.0
399.0
207.0
530.0
330.0
342.0
364.0
328.0
333.0
28.0
-107.0
-237.0
-51.0
-491.0
-241.0
51.0
68.0
29.0
275.0
35.0
309.0
15.0
-23.0
-118.0
445.0
517.0
-69.0
-171.0
432.0
-99.0
511.0
411.0
-81.0
457.0
121.0
109.0
-49.0
378.0
396.0
556.0
14.0
471.0
547.0
524.0
71.0
460.0
472.0
461.0
-90.0
487.0
472.0
473.0
449.0
-21.0
-28.0
277.0
402.0
507.0
91.0
175.0
141.0
31.0
554.0
433.0
-111.0
432.0
401.0
42.0
462.0
531.0
540.0
472.0
586.0
497.0
244.0
484.0
606.0
488.0
434.0
599.0
540.0
473.0
551.0
529.0
451.0
394.0
-82.0
519.0
396.0
542.0
537.0
467.0
569.0
339.0
427.0
565.0
440.0
459.0
350.0
92.0
479.0
598.0
384.0
406.0
266.0
526.0
523.0
384.0
484.0
338.0
482.0
524.0
493.0
455.0
535.0
469.0
572.0
475.0
516.0
450.0
492.0
358.0
441.0
447.0
525.0
511.0
565.0
550.0
546.0
483.0
527.0
615.0
588.0
518.0
495.0
528.0
520.0
527.0
453.0
558.0
506.0
542.0
540.0
463.0
519.0
407.0
525.0
512.0
556.0
522.0
572.0
568.0
576.0
517.0
537.0
523.0
535.0
535.0
596.0
483.0
614.0
520.0
606.0
559.0
476.0
601.0
152.0
524.0
530.0
527.0
332.0
532.0
627.0
347.0
557.0
45.0
523.0
641.0
468.0
438.0
484.0
465.0
548.0
552.0
88.0
493.0
551.0
520.0
454.0
569.0
3.0
464.0
22.0
439.0
455.0
397.0
552.0
528.0
468.0
533.0
526.0
553.0
457.0
511.0
523.0
550.0
416.0
517.0
481.0
479.0
540.0
441.0
395.0
554.0
481.0
575.0
508.0
533.0
542.0
459.0
551.0
598.0
509.0
556.0
541.0
553.0
460.0
511.0
434.0
523.0
544.0
542.0
441.0
519.0
585.0
598.0
521.0
464.0
583.0
563.0
440.0
534.0
399.0
557.0
556.0
551.0
466.0
544.0
509.0
513.0
574.0
510.0
526.0
604.0
545.0
423.0
469.0
536.0
499.0
527.0
518.0
604.0
258.0
564.0
629.0
531.0
494.0
630.0
542.0
541.0
504.0
548.0
475.0
477.0
375.0
558.0
397.0
477.0
458.0
566.0
551.0
569.0
569.0
460.0
566.0
581.0
472.0
616.0
556.0
590.0
584.0
583.0
539.0
539.0
476.0
363.0
639.0
596.0
557.0
543.0
608.0
585.0
613.0
615.0
587.0
533.0
625.0
460.0
461.0
503.0
558.0
513.0
579.0
619.0
591.0
453.0
496.0
546.0
505.0
476.0
525.0
621.0
564.0
619.0
554.0
556.0
552.0
414.0
662.0
112.0
421.0
571.0
495.0
648.0
541.0
563.0
549.0
524.0
594.0
588.0
627.0
528.0
541.0
555.0
494.0
623.0
514.0
508.0
535.0
568.0
489.0
497.0
599.0
473.0
572.0
570.0
495.0
520.0
537.0
421.0
417.0
513.0
479.0
550.0
352.0
426.0
506.0
645.0
534.0
494.0
566.0
616.0
355.0
399.0
505.0
495.0
404.0
503.0
454.0
298.0
518.0
377.0
441.0
385.0
449.0
568.0
400.0
499.0
458.0
503.0
624.0
498.0
172.0
549.0
542.0
587.0
574.0
575.0
518.0
500.0
601.0
578.0
595.0
599.0
543.0
444.0
493.0
557.0
612.0
528.0
346.0
574.0
554.0
456.0
549.0
616.0
585.0
521.0
542.0
508.0
534.0
581.0
533.0
513.0
619.0
622.0
524.0
563.0
570.0
535.0
641.0
456.0
602.0
495.0
-93.0
566.0
575.0
543.0
542.0
600.0
562.0
462.0
575.0
457.0
161.0
566.0
656.0
560.0
529.0
603.0
606.0
612.0
564.0
648.0
475.0
398.0
631.0
403.0
567.0
551.0
653.0
624.0
665.0
482.0
594.0
584.0
562.0
515.0
544.0
453.0
559.0
564.0
430.0
592.0
502.0
597.0
568.0
565.0
535.0
519.0
572.0
574.0
554.0
622.0
528.0
543.0
529.0
566.0
527.0
443.0
520.0
-42.0
527.0
467.0
553.0
600.0
600.0
686.0
479.0
602.0
580.0
554.0
549.0
529.0
559.0
542.0
578.0
501.0
588.0
583.0
603.0
551.0
579.0
583.0
546.0
64.0
545.0
474.0
661.0
516.0
528.0
551.0
504.0
535.0
579.0
488.0
573.0
490.0
627.0
551.0
579.0
462.0
601.0
524.0
610.0
655.0
509.0
495.0
559.0
549.0
622.0
533.0
632.0
547.0
646.0
543.0
133.0
566.0
615.0
524.0
598.0
634.0
638.0
373.0
437.0
505.0
585.0
520.0
511.0
597.0
628.0
523.0
636.0
515.0
585.0
514.0
162.0
524.0
525.0
439.0
498.0
506.0
580.0
441.0
574.0
601.0
508.0
514.0
524.0
592.0
579.0
458.0
556.0
500.0
467.0
527.0
432.0
563.0
534.0
567.0
634.0
488.0
604.0
519.0
520.0
521.0
329.0
516.0
464.0
453.0
513.0
595.0
510.0
507.0
509.0
377.0
539.0
182.0
-11.0
111.0
206.0
463.0
-71.0
108.0
581.0
508.0
621.0
510.0
376.0
491.0
599.0
503.0
562.0
525.0
569.0
507.0
585.0
135.0
557.0
565.0
557.0
580.0
611.0
593.0
565.0
571.0
594.0
595.0
613.0
624.0
531.0
532.0
530.0
508.0
454.0
527.0
591.0
491.0
444.0
287.0
521.0
574.0
392.0
521.0
-6.0
358.0
444.0
-25.0
460.0
515.0
143.0
461.0
433.0
465.0
340.0
522.0
477.0
139.0
518.0
9.0
477.0
517.0
554.0
489.0
539.0
304.0
526.0
491.0
532.0
439.0
485.0
582.0
513.0
549.0
584.0
494.0
549.0
506.0
495.0
455.0
514.0
525.0
550.0
570.0
469.0
437.0
526.0
213.0
467.0
452.0
583.0
598.0
567.0
565.0
527.0
529.0
507.0
489.0
476.0
487.0
450.0
487.0
561.0
528.0
600.0
445.0
588.0
481.0
543.0
157.0
515.0
473.0
557.0
528.0
481.0
362.0
589.0
456.0
510.0
532.0
550.0
521.0
534.0
463.0
503.0
414.0
532.0
487.0
597.0
662.0
440.0
537.0
444.0
450.0
512.0
474.0
589.0
546.0
551.0
450.0
538.0
439.0
515.0
497.0
484.0
576.0
468.0
440.0
467.0
446.0
521.0
554.0
489.0
567.0
530.0
564.0
492.0
431.0
348.0
542.0
449.0
556.0
562.0
540.0
560.0
645.0
562.0
580.0
510.0
535.0
587.0
538.0
528.0
577.0
565.0
530.0
554.0
487.0
509.0
526.0
507.0
527.0
588.0
522.0
585.0
569.0
503.0
539.0
428.0
654.0
579.0
633.0
560.0
550.0
566.0
569.0
519.0
480.0
610.0
512.0
573.0
531.0
576.0
535.0
523.0
584.0
536.0
445.0
590.0
561.0
538.0
577.0
519.0
497.0
414.0
524.0
620.0
484.0
509.0
397.0
396.0
477.0
498.0
553.0
492.0
476.0
491.0
513.0
531.0
458.0
499.0
610.0
495.0
510.0
485.0
488.0
491.0
559.0
482.0
397.0
-162.0
525.0
-6.0
-26.0
86.0
420.0
518.0
511.0
483.0
483.0
538.0
509.0
527.0
485.0
498.0
588.0
544.0
481.0
571.0
575.0
185.0
443.0
446.0
570.0
550.0
607.0
560.0
578.0
496.0
512.0
581.0
499.0
553.0
484.0
487.0
564.0
488.0
542.0
571.0
601.0
425.0
606.0
498.0
568.0
540.0
477.0
522.0
413.0
482.0
515.0
543.0
451.0
548.0
557.0
569.0
550.0
455.0
410.0
570.0
488.0
494.0
580.0
470.0
517.0
512.0
142.0
536.0
531.0
541.0
517.0
520.0
576.0
525.0
536.0
615.0
589.0
594.0
583.0
532.0
555.0
577.0
558.0
502.0
625.0
508.0
557.0
442.0
451.0
499.0
482.0
531.0
435.0
657.0
559.0
513.0
590.0
508.0
532.0
522.0
580.0
532.0
518.0
427.0
499.0
598.0
560.0
473.0
564.0
584.0
600.0
539.0
471.0
560.0
525.0
529.0
583.0
538.0
609.0
486.0
621.0
526.0
569.0
600.0
563.0
522.0
595.0
507.0
-52.0
579.0
446.0
589.0
584.0
583.0
539.0
462.0
572.0
458.0
565.0
551.0
248.0
490.0
577.0
556.0
552.0
542.0
563.0
528.0
492.0
503.0
555.0
487.0
624.0
582.0
471.0
552.0
546.0
568.0
535.0
506.0
618.0
562.0
561.0
651.0
529.0
422.0
625.0
527.0
473.0
574.0
529.0
446.0
617.0
602.0
555.0
541.0
533.0
513.0
587.0
564.0
558.0
526.0
520.0
550.0
630.0
556.0
597.0
567.0
566.0
582.0
554.0
661.0
489.0
525.0
652.0
629.0
540.0
591.0
488.0
471.0
467.0
500.0
549.0
504.0
571.0
652.0
481.0
519.0
513.0
550.0
517.0
577.0
606.0
570.0
513.0
586.0
422.0
634.0
568.0
568.0
585.0
576.0
556.0
541.0
563.0
561.0
531.0
586.0
498.0
495.0
588.0
481.0
594.0
603.0
594.0
604.0
502.0
597.0
550.0
552.0
565.0
500.0
605.0
659.0
369.0
548.0
531.0
492.0
465.0
516.0
543.0
512.0
519.0
567.0
602.0
621.0
552.0
550.0
635.0
526.0
468.0
557.0
538.0
553.0
570.0
478.0
456.0
395.0
573.0
594.0
518.0
466.0
599.0
611.0
584.0
547.0
452.0
558.0
544.0
575.0
558.0
621.0
649.0
572.0
526.0
568.0
532.0
554.0
571.0
674.0
536.0
556.0
395.0
597.0
589.0
576.0
-13.0
539.0
562.0
512.0
557.0
542.0
458.0
555.0
634.0
527.0
446.0
581.0
473.0
530.0
504.0
543.0
543.0
574.0
607.0
596.0
516.0
548.0
513.0
564.0
402.0
531.0
511.0
587.0
619.0
537.0
546.0
486.0
590.0
487.0
561.0
601.0
589.0
457.0
591.0
619.0
487.0
533.0
559.0
578.0
581.0
529.0
497.0
503.0
528.0
591.0
507.0
504.0
576.0
581.0
603.0
576.0
569.0
553.0
561.0
506.0
507.0
553.0
599.0
588.0
512.0
566.0
590.0
594.0
546.0
623.0
487.0
531.0
627.0
626.0
535.0
492.0
490.0
570.0
594.0
546.0
543.0
561.0
560.0
477.0
468.0
591.0
597.0
591.0
554.0
480.0
582.0
479.0
532.0
563.0
507.0
614.0
537.0
538.0
610.0
504.0
430.0
589.0
599.0
553.0
476.0
627.0
596.0
503.0
645.0
514.0
479.0
532.0
515.0
505.0
552.0
595.0
595.0
553.0
560.0
525.0
630.0
469.0
629.0
618.0
503.0
574.0
580.0
570.0
263.0
508.0
544.0
443.0
488.0
48.0
604.0
510.0
409.0
553.0
495.0
621.0
507.0
541.0
270.0
577.0
463.0
606.0
479.0
572.0
443.0
279.0
496.0
554.0
532.0
538.0
464.0
545.0
496.0
467.0
532.0
579.0
512.0
464.0
491.0
546.0
451.0
556.0
497.0
543.0
512.0
509.0
568.0
478.0
649.0
593.0
543.0
-113.0
540.0
590.0
219.0
407.0
550.0
472.0
411.0
597.0
578.0
457.0
505.0
531.0
569.0
589.0
549.0
511.0
121.0
631.0
540.0
585.0
615.0
615.0
493.0
502.0
523.0
473.0
438.0
536.0
431.0
434.0
559.0
523.0
548.0
622.0
566.0
576.0
525.0
604.0
560.0
544.0
505.0
532.0
577.0
376.0
572.0
460.0
520.0
588.0
545.0
552.0
579.0
554.0
486.0
548.0
556.0
618.0
568.0
526.0
527.0
562.0
571.0
487.0
581.0
540.0
567.0
587.0
652.0
566.0
562.0
484.0
518.0
555.0
564.0
545.0
540.0
612.0
629.0
536.0
452.0
609.0
610.0
537.0
490.0
507.0
511.0
508.0
599.0
449.0
526.0
556.0
573.0
504.0
523.0
538.0
488.0
560.0
592.0
553.0
542.0
599.0
564.0
532.0
568.0
590.0
581.0
560.0
648.0
488.0
537.0
499.0
527.0
458.0
618.0
561.0
543.0
603.0
568.0
571.0
575.0
581.0
507.0
537.0
492.0
494.0
557.0
448.0
575.0
516.0
586.0
439.0
519.0
617.0
572.0
526.0
527.0
513.0
450.0
492.0
505.0
444.0
516.0
518.0
568.0
516.0
585.0
497.0
515.0
570.0
602.0
491.0
603.0
622.0
594.0
572.0
582.0
512.0
552.0
550.0
555.0
585.0
552.0
531.0
516.0
553.0
554.0
492.0
604.0
541.0
538.0
534.0
582.0
514.0
494.0
549.0
621.0
571.0
585.0
469.0
604.0
467.0
638.0
560.0
535.0
532.0
521.0
543.0
535.0
482.0
656.0
545.0
523.0
506.0
530.0
564.0
535.0
584.0
476.0
552.0
559.0
561.0
562.0
463.0
566.0
408.0
366.0
490.0
431.0
521.0
559.0
495.0
428.0
464.0
524.0
386.0
468.0
520.0
583.0
416.0
500.0
494.0
354.0
320.0
405.0
515.0
327.0
519.0
525.0
431.0
364.0
483.0
470.0
427.0
528.0
479.0
414.0
439.0
503.0
384.0
431.0
452.0
501.0
455.0
493.0
483.0
492.0
515.0
524.0
462.0
551.0
-102.0
508.0
597.0
495.0
421.0
522.0
533.0
620.0
620.0
604.0
593.0
537.0
593.0
525.0
519.0
449.0
467.0
441.0
550.0
530.0
530.0
406.0
498.0
506.0
485.0
503.0
500.0
533.0
540.0
468.0
501.0
514.0
493.0
526.0
550.0
534.0
544.0
382.0
444.0
498.0
571.0
567.0
582.0
484.0
525.0
460.0
583.0
646.0
495.0
571.0
577.0
540.0
509.0
614.0
434.0
591.0
579.0
606.0
564.0
554.0
647.0
555.0
502.0
535.0
576.0
498.0
547.0
549.0
604.0
547.0
590.0
501.0
528.0
626.0
519.0
569.0
577.0
597.0
492.0
552.0
550.0
566.0
581.0
603.0
529.0
554.0
521.0
450.0
557.0
550.0
597.0
554.0
558.0
436.0
538.0
537.0
625.0
618.0
586.0
536.0
618.0
549.0
554.0
494.0
557.0
606.0
601.0
504.0
601.0
600.0
610.0
530.0
666.0
589.0
521.0
638.0
602.0
563.0
592.0
631.0
510.0
565.0
544.0
629.0
549.0
586.0
507.0
543.0
592.0
622.0
602.0
579.0
622.0
611.0
612.0
492.0
598.0
642.0
552.0
544.0
559.0
585.0
539.0
612.0
612.0
483.0
537.0
501.0
571.0
613.0
622.0
595.0
617.0
592.0
554.0
583.0
597.0
580.0
