21.71
29.41
8.88
22.5
12.89
8.07
24.31
10.07
8.96
20.51
20.54
10.9
29.06
23.53
8.08
10.09
25.95
20.73
19.5
10.88
9.08
20.31
28.76
19.89
9.08
5.47
9.88
21.54
29.72
28.72
8.88
27.31
9.07
23.72
38.01
8.88
24.52
10.27
27.32
9.9
15.5
28.73
22.93
32.99
18.93
29.69
145.68
203.61
12.45
20.29
162.76
199.65
83.45
33.16
25.05
10.23
10.34
51.96
27.72
37.16
6.87
11.58
39.87
26.92
11.42
14.07
9.44
14.26
83.34
9.67
72.58
40.05
47.99
27.03
25.99
36.23
61.37
20.43
58.53
112.84
14.84
70.04
29.34
54.66
17.52
105.89
35.7
13.32
14.7
39.12
55.43
26.25
26.99
10.07
75.97
30.25
14.73
32.53
79.32
79.5
188.27
30.47
42.64
78.25
116.46
82.02
39.55
8.83
34.37
106.2
20.02
60.55
20.34
38.82
33.01
10.31
21.39
107.7
136.36
67.07
16.7
70.65
38.49
108.05
26.67
16.12
20.38
26.39
122.42
66.27
21.51
69.81
26.13
32.62
13.92
34.65
24.42
33.97
23.9
28.64
9.45
62.27
17.79
75.58
15.92
64.65
95.08
19.9
27.07
12.32
10.44
14.33
74.74
109.82
31.44
25.76
34.38
16.38
18.98
7.27
54.2
15.41
18.72
45.25
17.35
31.64
42.1
63.99
62.43
64.12
106.42
27.03
17.34
21.96
17.11
10.83
99.78
26.78
14.81
7.48
6.32
103.43
86.02
33.2
14.4
23.31
48.83
19.54
63.84
9.31
19.18
55.7
19.36
10.3
24.77
8.29
15.09
10.88
70.66
14.92
18.35
24.7
7.11
13.6
6.7
11.45
100.3
11.18
7.19
7.42
66.84
37.87
17.55
20.98
45.21
10.98
15.76
15.97
29.84
47.95
33.88
16.6
21.79
18.41
68.86
16.99
35.14
28.27
20.22
41.69
75.03
37.4
11.36
41.2
11.21
38.88
76.48
44.06
8.02
7.26
65.52
65.99
29.26
8.32
38.83
12.71
14.09
59.04
81.3
20.55
18.92
13.16
14.0
66.34
76.15
114.29
16.75
45.92
18.79
77.07
30.29
22.07
67.6
12.4
13.91
27.17
18.0
63.43
59.73
9.99
11.26
101.05
8.78
15.77
13.29
47.48
62.34
21.57
3.84
59.62
11.39
72.64
42.52
20.82
114.12
22.67
64.38
74.81
67.73
20.16
25.39
57.83
24.19
54.51
40.22
28.98
70.75
22.96
16.35
67.48
8.96
12.95
9.12
52.89
11.07
15.91
16.37
63.48
92.58
20.18
60.12
70.1
27.12
28.27
20.36
35.1
10.84
10.72
12.9
15.76
28.67
23.58
22.1
59.37
71.58
37.98
11.05
17.18
58.47
62.9
27.03
26.68
23.56
67.25
22.82
75.82
13.16
12.76
16.34
48.42
25.99
18.71
8.53
46.87
30.23
19.48
49.44
35.08
26.39
64.06
18.71
113.4
7.44
70.19
48.82
28.64
139.47
106.78
53.81
144.95
23.97
36.03
59.56
22.75
6.06
11.82
23.55
67.75
32.76
31.62
57.76
19.97
17.94
48.66
32.81
67.97
20.96
30.37
104.66
19.97
54.6
36.54
32.6
125.32
45.28
12.29
49.79
55.9
29.18
48.71
132.2
45.4
13.74
41.32
46.99
21.58
20.51
28.42
66.87
65.06
113.76
49.75
24.94
249.61
60.36
69.15
12.66
23.87
70.02
29.62
58.68
19.79
66.4
75.66
178.46
13.82
105.11
21.37
10.12
28.69
41.5
107.46
158.3
22.32
35.39
22.58
152.35
115.5
109.37
46.28
146.89
32.19
108.49
16.22
101.15
7.36
22.01
12.9
118.08
37.25
51.93
72.81
86.12
154.54
169.16
25.41
15.54
136.03
15.82
6.46
175.36
125.55
30.75
96.43
48.68
20.41
81.93
13.33
17.68
32.03
12.44
105.59
8.12
14.32
194.39
65.41
15.43
73.43
20.84
8.93
65.0
23.44
8.68
15.95
17.21
18.2
17.87
8.83
46.25
32.23
14.92
174.54
108.69
70.51
60.83
74.97
76.06
178.53
22.55
23.96
12.49
157.89
17.7
19.31
147.81
18.97
171.71
14.92
25.01
99.28
34.04
31.4
31.65
22.46
147.09
23.17
24.03
19.1
57.09
18.53
73.49
28.92
31.03
57.0
15.94
67.73
33.94
21.47
23.97
32.25
15.18
9.37
28.78
64.07
202.19
9.65
47.5
37.62
74.66
111.07
15.11
22.1
24.4
65.93
137.73
70.94
19.99
19.39
58.69
17.36
95.16
28.88
48.18
24.81
21.41
75.08
58.15
20.53
28.24
6.47
9.9
32.1
16.94
29.93
103.84
112.76
72.73
18.31
24.57
101.37
21.3
4.89
21.0
62.95
59.08
33.8
63.88
10.62
86.86
23.0
14.6
24.22
31.17
21.72
32.21
104.53
8.84
28.65
15.33
61.13
111.56
71.37
150.92
84.29
73.43
23.53
64.21
9.41
20.15
30.01
104.47
125.23
115.16
20.56
61.18
22.38
62.87
118.98
7.11
60.99
21.99
96.72
27.31
25.14
70.51
36.4
117.18
14.65
103.81
90.96
61.6
63.66
62.72
4.43
159.74
142.53
102.79
25.41
107.76
26.48
12.24
145.28
117.73
18.73
94.79
16.38
13.37
15.26
105.94
94.37
30.01
18.79
25.32
72.08
21.37
145.78
59.71
16.39
140.55
38.43
28.19
25.76
22.37
137.17
12.04
25.73
22.9
14.71
115.66
99.8
40.38
13.71
106.42
57.18
22.94
63.98
22.15
8.53
9.06
68.57
33.39
68.03
40.13
26.97
69.47
31.97
29.53
27.3
17.22
10.13
21.44
62.56
19.11
63.1
54.79
151.4
92.9
11.32
13.47
128.62
99.45
69.99
26.92
11.83
16.37
54.93
68.62
21.38
117.23
18.72
8.26
98.38
109.33
9.07
109.81
119.8
23.9
25.37
8.49
35.13
30.3
102.46
58.62
12.23
127.94
149.75
52.49
22.56
134.73
11.11
17.41
23.57
27.96
18.33
15.3
93.78
9.1
12.1
4.82
7.66
47.8
107.94
132.5
144.93
136.23
21.61
17.75
42.77
99.44
83.77
23.81
8.28
59.34
27.64
7.74
93.73
15.28
9.74
96.02
25.99
11.15
119.66
10.36
8.25
24.06
72.66
118.37
12.93
78.74
11.71
47.71
10.48
7.05
11.48
15.97
122.88
57.6
14.55
71.13
12.73
50.31
28.7
20.39
102.84
48.73
19.49
13.9
131.84
20.39
119.32
16.91
23.74
13.41
110.99
98.4
63.23
24.15
35.6
63.77
27.99
10.12
34.84
34.34
47.05
118.39
7.25
25.41
109.08
75.75
40.02
7.06
107.5
15.87
13.48
14.95
15.51
8.07
22.9
105.79
57.59
79.07
21.15
136.97
10.57
99.5
19.88
14.16
11.93
93.86
8.27
62.26
31.6
30.42
56.72
23.21
10.56
117.84
14.31
26.94
121.94
22.15
27.71
36.91
8.07
16.53
34.83
71.75
10.14
46.26
33.75
26.43
20.18
61.05
129.66
60.76
21.53
58.89
129.22
31.19
69.02
49.75
29.22
110.4
57.46
78.73
110.49
86.81
31.88
86.89
124.11
27.07
73.63
33.23
41.25
33.97
98.3
57.82
125.88
21.77
59.58
75.93
128.41
32.8
28.13
22.63
9.72
12.18
28.95
47.09
126.45
14.73
117.27
35.76
14.96
7.29
13.46
73.16
24.55
6.21
11.5
10.05
18.81
18.33
8.66
6.6
9.94
9.19
143.14
38.52
49.02
11.53
78.42
92.53
88.66
121.64
104.97
21.72
33.04
16.11
19.38
25.53
22.05
55.7
35.62
145.72
9.06
31.81
100.61
62.21
113.07
115.05
18.55
80.71
15.74
119.08
68.52
13.75
47.27
67.88
67.62
28.63
33.03
28.73
11.23
13.6
9.4
28.18
45.06
28.4
9.26
34.29
23.57
55.01
27.22
13.36
35.42
15.9
36.17
19.4
10.08
22.14
61.83
65.24
29.28
15.07
19.68
20.31
126.03
76.28
19.72
29.91
7.45
16.11
8.44
21.93
68.6
102.44
12.94
155.72
28.78
15.47
67.11
113.24
17.25
7.9
13.17
22.71
123.01
25.47
17.32
51.13
29.17
17.32
64.94
26.28
69.9
62.68
76.66
42.21
10.32
73.08
31.4
86.69
30.82
52.66
12.89
30.04
14.28
123.21
18.15
58.23
67.79
18.3
39.76
63.39
136.6
13.03
23.5
17.63
104.21
