-409.0
-160.0
-138.0
-388.0
-185.0
-136.0
-421.0
-144.0
-139.0
-267.0
-209.0
-152.0
-293.0
-384.0
-136.0
-162.0
-461.0
-430.0
-312.0
-175.0
-141.0
-272.0
-510.0
-193.0
-152.0
-145.0
-249.0
-440.0
-518.0
-378.0
-153.0
-324.0
-139.0
-383.0
-331.0
-182.0
-288.0
-159.0
-277.0
-143.0
-249.0
-297.0
-250.0
-308.0
-294.0
-408.0
-585.0
-582.0
-132.0
-187.0
-176.0
-68.0
59.0
-94.0
-82.0
-132.0
-131.0
-53.0
-183.0
-286.0
-115.0
-23.0
-104.0
-80.0
-130.0
-135.0
-123.0
-137.0
-90.0
-141.0
-225.0
-11.0
-37.0
-80.0
-68.0
-100.0
20.0
-50.0
37.0
-570.0
-138.0
-95.0
-178.0
-162.0
-36.0
-202.0
-94.0
-28.0
-139.0
-184.0
-64.0
16.0
-85.0
-131.0
-119.0
-79.0
-34.0
-188.0
-186.0
32.0
81.0
1.0
-132.0
-22.0
-44.0
-145.0
-112.0
-122.0
7.0
-221.0
38.0
-74.0
-69.0
-213.0
-87.0
-139.0
-52.0
-56.0
187.0
-135.0
-46.0
-113.0
-40.0
55.0
25.0
54.0
-61.0
29.0
137.0
97.0
-57.0
-5.0
-65.0
1.0
-29.0
6.0
-67.0
5.0
-67.0
66.0
-121.0
-11.0
-56.0
-255.0
-44.0
107.0
227.0
-55.0
27.0
-49.0
-142.0
-32.0
87.0
273.0
-85.0
-78.0
-21.0
-37.0
-56.0
-129.0
60.0
-41.0
-45.0
82.0
-61.0
99.0
81.0
-21.0
28.0
-210.0
383.0
-89.0
-44.0
28.0
44.0
-120.0
335.0
28.0
-50.0
-131.0
-17.0
265.0
-106.0
-102.0
-40.0
-76.0
67.0
-64.0
324.0
-35.0
-62.0
213.0
-49.0
-37.0
-64.0
-121.0
-50.0
-49.0
88.0
-69.0
-58.0
33.0
-12.0
-41.0
-115.0
-131.0
500.0
-38.0
-120.0
-25.0
193.0
-24.0
-46.0
53.0
-65.0
-24.0
-45.0
-44.0
-1.0
-22.0
-100.0
-63.0
-52.0
-55.0
56.0
-64.0
90.0
7.0
-62.0
-110.0
-119.0
104.0
77.0
-140.0
-23.0
181.0
173.0
63.0
-119.0
-130.0
102.0
5.0
103.0
-19.0
-110.0
-132.0
-49.0
-8.0
75.0
-93.0
-73.0
-32.0
-68.0
215.0
244.0
276.0
-50.0
-55.0
49.0
458.0
122.0
-63.0
183.0
-20.0
-38.0
-73.0
58.0
113.0
116.0
-146.0
-31.0
52.0
-22.0
-46.0
-36.0
67.0
328.0
-73.0
-106.0
23.0
-130.0
262.0
68.0
27.0
457.0
46.0
200.0
309.0
214.0
-90.0
8.0
147.0
40.0
240.0
-32.0
29.0
114.0
48.0
-45.0
69.0
-20.0
-29.0
-123.0
364.0
-27.0
-50.0
65.0
231.0
458.0
11.0
122.0
530.0
-80.0
21.0
-66.0
101.0
-25.0
-127.0
-18.0
-67.0
31.0
-60.0
34.0
47.0
299.0
98.0
-23.0
-46.0
161.0
221.0
20.0
32.0
41.0
120.0
-59.0
190.0
-34.0
-30.0
-42.0
-23.0
122.0
-57.0
-130.0
-38.0
-93.0
55.0
171.0
3.0
-70.0
92.0
-49.0
399.0
-120.0
315.0
63.0
122.0
402.0
213.0
57.0
304.0
-6.0
-64.0
-80.0
-103.0
-124.0
-54.0
-107.0
80.0
-258.0
-41.0
36.0
-91.0
-81.0
-129.0
-71.0
-120.0
-114.0
-141.0
109.0
-107.0
50.0
-67.0
86.0
648.0
-123.0
-147.0
149.0
55.0
23.0
-23.0
611.0
56.0
-135.0
96.0
80.0
-52.0
-59.0
28.0
106.0
110.0
69.0
69.0
34.0
276.0
137.0
223.0
-142.0
17.0
105.0
-49.0
2.0
-71.0
126.0
91.0
484.0
-30.0
-82.0
-56.0
-139.0
-137.0
-19.0
290.0
547.0
-63.0
-109.0
-53.0
366.0
389.0
75.0
-115.0
-13.0
16.0
181.0
-64.0
109.0
-117.0
-58.0
-29.0
203.0
-84.0
39.0
183.0
141.0
41.0
538.0
-69.0
-35.0
645.0
-64.0
-130.0
527.0
-60.0
1.0
131.0
176.0
-57.0
160.0
-136.0
-56.0
-49.0
-129.0
-36.0
-124.0
-31.0
-174.0
217.0
-36.0
193.0
-92.0
-32.0
126.0
38.0
-122.0
-38.0
-53.0
-47.0
-157.0
-138.0
-35.0
-47.0
-33.0
526.0
261.0
116.0
111.0
106.0
4.0
479.0
-60.0
-125.0
-28.0
576.0
-43.0
-48.0
589.0
-48.0
502.0
-32.0
-66.0
240.0
6.0
-82.0
18.0
-60.0
70.0
46.0
33.0
-48.0
49.0
-190.0
199.0
25.0
16.0
46.0
-37.0
95.0
118.0
-71.0
-65.0
-56.0
-50.0
-126.0
-83.0
12.0
437.0
-127.0
-57.0
-130.0
202.0
274.0
-44.0
-74.0
-75.0
18.0
628.0
304.0
-46.0
-55.0
38.0
-76.0
346.0
33.0
62.0
42.0
-80.0
295.0
-63.0
-61.0
27.0
-125.0
-124.0
125.0
-56.0
10.0
719.0
398.0
296.0
-44.0
-62.0
217.0
-53.0
-111.0
50.0
35.0
38.0
109.0
213.0
-127.0
59.0
107.0
-35.0
-82.0
14.0
-72.0
6.0
432.0
-123.0
119.0
-50.0
-7.0
497.0
75.0
371.0
163.0
182.0
-71.0
106.0
-122.0
-69.0
-35.0
199.0
645.0
376.0
-55.0
111.0
-54.0
109.0
257.0
-115.0
-95.0
-57.0
195.0
31.0
-79.0
3.0
-1.0
251.0
-49.0
319.0
-32.0
48.0
229.0
135.0
-108.0
560.0
599.0
319.0
35.0
404.0
-16.0
-26.0
388.0
157.0
-43.0
23.0
54.0
-40.0
-37.0
74.0
-53.0
17.0
56.0
33.0
204.0
-63.0
604.0
131.0
-40.0
617.0
33.0
-78.0
-74.0
139.0
634.0
-131.0
-73.0
-191.0
-40.0
-155.0
-71.0
185.0
-139.0
315.0
46.0
-62.0
126.0
-90.0
-121.0
-127.0
-20.0
-199.0
106.0
-6.0
17.0
318.0
-94.0
24.0
-87.0
-47.0
-44.0
-54.0
121.0
-57.0
241.0
-52.0
380.0
352.0
-28.0
-36.0
410.0
330.0
218.0
-72.0
-27.0
-44.0
32.0
329.0
47.0
380.0
-82.0
-121.0
318.0
509.0
-121.0
288.0
680.0
-63.0
-77.0
-120.0
-274.0
-83.0
322.0
29.0
-40.0
638.0
593.0
264.0
35.0
633.0
-44.0
-51.0
-64.0
24.0
-53.0
-38.0
351.0
-129.0
-30.0
-110.0
-132.0
55.0
507.0
628.0
603.0
572.0
46.0
-45.0
84.0
332.0
-90.0
28.0
-120.0
33.0
28.0
-126.0
341.0
-39.0
-134.0
222.0
-18.0
-147.0
668.0
-23.0
-125.0
41.0
88.0
690.0
-37.0
295.0
-48.0
79.0
-135.0
-115.0
-44.0
54.0
661.0
50.0
67.0
314.0
-42.0
172.0
-75.0
-52.0
408.0
73.0
-52.0
-41.0
604.0
-54.0
452.0
-45.0
34.0
-38.0
710.0
518.0
221.0
-78.0
-130.0
228.0
-24.0
-128.0
86.0
6.0
67.0
650.0
-118.0
37.0
275.0
23.0
-85.0
-116.0
709.0
-41.0
-36.0
-36.0
-39.0
-119.0
-64.0
706.0
141.0
292.0
-64.0
604.0
-138.0
432.0
49.0
-33.0
-25.0
456.0
-137.0
224.0
12.0
10.0
150.0
37.0
-30.0
467.0
-39.0
26.0
439.0
48.0
23.0
78.0
-122.0
-47.0
10.0
287.0
-26.0
171.0
-57.0
32.0
53.0
121.0
649.0
125.0
44.0
129.0
648.0
9.0
190.0
161.0
16.0
681.0
43.0
280.0
497.0
129.0
124.0
135.0
441.0
-19.0
41.0
55.0
14.0
-180.0
133.0
29.0
106.0
2.0
128.0
129.0
27.0
-40.0
-132.0
20.0
-33.0
-47.0
14.0
54.0
362.0
-43.0
433.0
-10.0
64.0
-118.0
-39.0
290.0
142.0
-127.0
-46.0
-24.0
-49.0
156.0
-125.0
-115.0
-26.0
-127.0
543.0
99.0
186.0
-28.0
22.0
745.0
132.0
622.0
396.0
45.0
-5.0
-57.0
12.0
23.0
-185.0
148.0
96.0
554.0
-125.0
-5.0
517.0
324.0
485.0
689.0
-58.0
239.0
-44.0
665.0
206.0
-35.0
64.0
205.0
205.0
-86.0
112.0
16.0
-27.0
-37.0
-131.0
16.0
41.0
23.0
-141.0
-2.0
-70.0
239.0
112.0
-163.0
1.0
58.0
103.0
50.0
-146.0
-58.0
223.0
214.0
14.0
-37.0
-68.0
-61.0
617.0
273.0
-88.0
-83.0
-120.0
-43.0
-128.0
46.0
192.0
199.0
-32.0
531.0
-33.0
-45.0
99.0
690.0
-54.0
-117.0
-37.0
31.0
646.0
-84.0
-78.0
48.0
127.0
-48.0
210.0
30.0
177.0
123.0
175.0
72.0
-50.0
275.0
-4.0
353.0
5.68434188608e-14
43.0
-33.0
8.0
63.0
612.0
24.0
25.0
210.0
-58.0
83.0
222.0
594.0
-43.0
-68.0
-61.0
226.0
