-221.0
-353.0
-632.0
-184.0
-174.0
-144.0
-338.0
-457.0
-140.0
-253.0
-142.0
-125.0
-298.0
-519.0
-288.0
-519.0
-348.0
-295.0
-498.0
-280.0
-926.0
-279.0
-197.0
-485.0
-383.0
-339.0
-343.0
-511.0
-176.0
-334.0
-261.0
-313.0
-181.0
-449.0
-302.0
-198.0
-232.0
-371.0
-1240.0
-1064.0
-809.0
-522.0
-234.0
-168.0
-136.0
-191.0
-137.0
-148.0
-236.0
-220.0
-97.0
-124.0
-292.0
-247.0
-173.0
-312.0
-301.0
-203.0
-48.0
-234.0
-176.0
-181.0
-221.0
-280.0
-43.0
-178.0
-67.0
-165.0
-170.0
-182.0
-462.0
-154.0
-122.0
-185.0
-176.0
-76.0
-261.0
-278.0
-189.0
21.0
-231.0
-91.0
-170.0
-318.0
-322.0
-113.0
-187.0
-139.0
-426.0
-66.0
-88.0
-91.0
-263.0
-224.0
-202.0
-178.0
-175.0
-168.0
-214.0
-39.0
-142.0
-164.0
-145.0
-168.0
-94.0
-114.0
-169.0
-133.0
-6.0
-104.0
1.0
-173.0
-202.0
-174.0
-179.0
-112.0
-52.0
-163.0
-252.0
-219.0
-120.0
-106.0
-210.0
-130.0
-407.0
-142.0
-97.0
-145.0
-235.0
-57.0
-199.0
-136.0
-109.0
-262.0
-317.0
-97.0
-219.0
-256.0
-132.0
-227.0
-300.0
-229.0
-32.0
-149.0
-192.0
-46.0
-56.0
-75.0
-241.0
-126.0
-252.0
-111.0
-123.0
-171.0
-209.0
-168.0
-101.0
-261.0
-150.0
-191.0
-173.0
-236.0
-249.0
-185.0
-174.0
-70.0
-63.0
-214.0
-66.0
-194.0
-90.0
-103.0
-182.0
-73.0
-214.0
-118.0
12.0
-147.0
-120.0
-101.0
-91.0
-54.0
-220.0
-145.0
-41.0
-154.0
-66.0
-178.0
-40.0
-84.0
-153.0
-43.0
-73.0
-57.0
-37.0
-39.0
-72.0
-76.0
-32.0
-118.0
-59.0
7.0
-64.0
-112.0
-70.0
-126.0
-90.0
-105.0
-86.0
-156.0
-8.0
5.0
-206.0
-109.0
-137.0
-23.0
-141.0
-109.0
-66.0
-9.0
-53.0
-81.0
-178.0
-13.0
-93.0
-70.0
-86.0
-85.0
-72.0
4.0
-73.0
-45.0
-30.0
-137.0
-96.0
-32.0
-49.0
-76.0
-34.0
-131.0
-83.0
-140.0
-143.0
-234.0
-33.0
-56.0
-38.0
-88.0
-35.0
-68.0
-38.0
-51.0
-157.0
-146.0
-12.0
-82.0
-89.0
-144.0
-69.0
-60.0
-60.0
-88.0
-242.0
-132.0
-33.0
-65.0
-132.0
-141.0
-44.0
-30.0
-105.0
-113.0
28.0
-3.0
-30.0
-188.0
-92.0
-134.0
-140.0
-126.0
-141.0
-134.0
-141.0
-128.0
10.0
-132.0
-36.0
-49.0
6.0
61.0
61.0
-38.0
-77.0
-34.0
-33.0
-116.0
-161.0
-101.0
-114.0
-46.0
-81.0
-51.0
-44.0
-14.0
-58.0
-36.0
-71.0
-133.0
-54.0
-25.0
-53.0
-134.0
-14.0
3.0
-62.0
-51.0
-111.0
-131.0
-68.0
-125.0
25.0
-87.0
-72.0
-112.0
-134.0
-59.0
-71.0
94.0
-94.0
-88.0
74.0
-36.0
-117.0
-35.0
4.0
-50.0
-56.0
-151.0
-27.0
-82.0
70.0
-51.0
-135.0
-36.0
-62.0
0.0
-104.0
-58.0
-66.0
172.0
-50.0
-28.0
-137.0
-38.0
42.0
-75.0
-39.0
-44.0
-53.0
-129.0
-130.0
-134.0
88.0
-85.0
-33.0
-75.0
117.0
-139.0
-93.0
-71.0
-78.0
-155.0
29.0
-49.0
-91.0
24.0
-4.0
-136.0
-69.0
45.0
-133.0
70.0
-64.0
-32.0
-10.0
-71.0
-76.0
-4.0
-98.0
40.0
75.0
-51.0
-59.0
-79.0
-80.0
-114.0
37.0
-66.0
183.0
-127.0
-48.0
28.0
-91.0
233.0
-20.0
-14.0
-21.0
-107.0
249.0
-13.0
67.0
-127.0
32.0
20.0
86.0
-79.0
-129.0
-68.0
-79.0
-10.0
-31.0
3.0
248.0
-137.0
-57.0
65.0
-115.0
-75.0
-32.0
-58.0
-64.0
166.0
-22.0
-218.0
-42.0
125.0
-27.0
62.0
-18.0
42.0
-21.0
-129.0
-135.0
-62.0
-72.0
-3.0
96.0
51.0
-136.0
-42.0
5.0
-43.0
-354.0
-67.0
-147.0
59.0
-125.0
-10.0
-136.0
-135.0
-131.0
-28.0
21.0
56.0
-88.0
-11.0
-77.0
-68.0
-153.0
-36.0
-59.0
-63.0
107.0
-47.0
-45.0
-131.0
78.0
317.0
64.0
-118.0
-40.0
-131.0
-135.0
-144.0
10.0
4.0
-123.0
-94.0
-32.0
174.0
-58.0
37.0
-133.0
-66.0
43.0
-20.0
-248.0
240.0
278.0
-29.0
-138.0
-51.0
-78.0
-99.0
174.0
-39.0
-36.0
-1.0
-73.0
-89.0
141.0
-89.0
-51.0
490.0
9.0
-41.0
-134.0
-16.0
-80.0
-92.0
8.0
-124.0
-86.0
-59.0
-14.0
-65.0
-57.0
-75.0
-11.0
-24.0
-40.0
-74.0
-97.0
234.0
-146.0
64.0
47.0
113.0
-134.0
-140.0
-38.0
-119.0
-33.0
-70.0
-132.0
-31.0
315.0
-126.0
-146.0
-82.0
-130.0
-51.0
-59.0
34.0
-83.0
-94.0
-111.0
-101.0
101.0
-22.0
3.0
411.0
4.0
62.0
-70.0
-74.0
-60.0
84.0
-33.0
-92.0
10.0
-139.0
-12.0
-69.0
7.0
99.0
-62.0
-79.0
-731.0
-148.0
-105.0
-175.0
-44.0
-94.0
-92.0
-142.0
-30.0
-140.0
-41.0
-109.0
6.0
-127.0
-62.0
71.0
-73.0
-135.0
-56.0
-152.0
-139.0
-140.0
-54.0
-33.0
-142.0
-142.0
-18.0
-44.0
13.0
-8.0
42.0
-139.0
-139.0
119.0
-170.0
-56.0
-44.0
-113.0
-136.0
-65.0
-55.0
-86.0
-4.0
-100.0
75.0
-289.0
27.0
-67.0
-136.0
-23.0
-91.0
95.0
496.0
-136.0
-79.0
-141.0
-144.0
-147.0
-110.0
-150.0
-99.0
29.0
-201.0
14.0
-274.0
65.0
-99.0
-39.0
-27.0
-89.0
-83.0
-97.0
-149.0
-151.0
-64.0
-141.0
-1.0
-142.0
-3.0
279.0
-66.0
-70.0
-64.0
-58.0
152.0
-85.0
-132.0
-82.0
-143.0
-155.0
-40.0
-131.0
82.0
-153.0
-171.0
-67.0
-70.0
6.0
-97.0
6.0
-136.0
-140.0
-74.0
-187.0
-161.0
-76.0
-163.0
-33.0
93.0
68.0
-75.0
202.0
-154.0
-134.0
-62.0
-166.0
-86.0
-197.0
-195.0
-216.0
-54.0
-230.0
105.0
-137.0
22.0
-42.0
-172.0
-7.0
-72.0
-153.0
-134.0
-105.0
-77.0
48.0
-56.0
-96.0
-151.0
-43.0
-104.0
-38.0
-106.0
23.0
-97.0
-97.0
-51.0
176.0
-135.0
-80.0
-140.0
-8.0
-18.0
-196.0
5.0
-46.0
20.0
-79.0
-135.0
-159.0
-96.0
-83.0
-96.0
-62.0
-136.0
144.0
-11.0
143.0
-101.0
3.0
-112.0
-144.0
-157.0
-162.0
-79.0
-166.0
-83.0
-51.0
-1.0
-19.0
-29.0
265.0
1.42108547152e-14
18.0
179.0
-114.0
250.0
34.0
-91.0
-135.0
-133.0
-88.0
38.0
-32.0
-108.0
-97.0
2.0
-46.0
-8.0
-17.0
-16.0
24.0
-47.0
-48.0
-47.0
-16.0
-100.0
-147.0
128.0
1.0
-90.0
-188.0
-35.0
39.0
-64.0
-146.0
-144.0
-84.0
-88.0
124.0
-62.0
-143.0
-64.0
-42.0
-14.0
-80.0
-10.0
-147.0
-95.0
-100.0
218.0
145.0
111.0
24.0
-75.0
-70.0
-84.0
-158.0
8.0
-119.0
12.0
-141.0
-65.0
-191.0
-24.0
-80.0
-15.0
-86.0
-82.0
-59.0
-10.0
-80.0
-74.0
-143.0
269.0
-42.0
-24.0
193.0
-23.0
182.0
-90.0
-111.0
-91.0
13.0
-86.0
-144.0
-89.0
-41.0
-11.0
-16.0
-82.0
2.0
23.0
-11.0
-25.0
-139.0
-141.0
-212.0
-124.0
-189.0
-35.0
-185.0
-84.0
-212.0
-27.0
-162.0
-267.0
-109.0
-107.0
-10.0
-134.0
-40.0
98.0
-15.0
84.0
-23.0
-132.0
-96.0
-58.0
-78.0
-161.0
-49.0
-39.0
-151.0
-91.0
-153.0
-85.0
-118.0
-172.0
5.0
-56.0
-52.0
-30.0
-49.0
-6.0
-47.0
-86.0
-132.0
-61.0
-82.0
-121.0
-59.0
318.0
-90.0
-41.0
-86.0
-42.0
-126.0
-55.0
-87.0
-17.0
-55.0
104.0
-184.0
-11.0
-66.0
-153.0
-91.0
-176.0
-37.0
-100.0
-186.0
-32.0
-85.0
-88.0
-87.0
-46.0
-152.0
-36.0
-86.0
-123.0
-21.0
-148.0
-137.0
-44.0
-80.0
25.0
-69.0
-80.0
-166.0
-20.0
-33.0
-31.0
-171.0
-96.0
-172.0
-157.0
-30.0
37.0
-161.0
-321.0
-36.0
-151.0
-161.0
-154.0
-121.0
-50.0
-142.0
-4.0
-86.0
-81.0
-64.0
-349.0
-166.0
-85.0
-33.0
-145.0
-87.0
-75.0
-61.0
-136.0
-107.0
-213.0
-120.0
85.0
-144.0
-113.0
-69.0
-99.0
-100.0
-107.0
-134.0
-752.0
-292.0
-143.0
-69.0
-157.0
-313.0
-272.0
-88.0
-195.0
256.0
-155.0
-90.0
-306.0
-191.0
-318.0
-127.0
-118.0
-180.0
-102.0
-55.0
30.0
64.0
-75.0
129.0
-45.0
-211.0
408.0
-235.0
-157.0
-90.0
-149.0
-463.0
-12.0
-163.0
-225.0
-73.0
45.0
-156.0
-318.0
-143.0
4.0
-89.0
-392.0
-162.0
-15.0
-154.0
-212.0
29.0
-39.0
-106.0
-70.0
24.0
-98.0
-33.0
-25.0
-174.0
-26.0
-188.0
-387.0
-160.0
-133.0
-110.0
-257.0
-165.0
-141.0
-146.0
-145.0
-177.0
47.0
-135.0
9.0
-104.0
-83.0
-123.0
-142.0
-15.0
131.0
-89.0
-13.0
-50.0
-141.0
-97.0
-47.0
-14.0
-58.0
410.0
-127.0
-101.0
-71.0
-95.0
-135.0
12.0
-134.0
-145.0
-59.0
-10.0
-2.0
-135.0
-157.0
-94.0
-43.0
-236.0
-76.0
5.0
-50.0
-59.0
-97.0
-93.0
11.0
-24.0
-81.0
-136.0
20.0
112.0
-86.0
-14.0
-43.0
-79.0
-139.0
21.0
-62.0
55.0
15.0
38.0
-65.0
490.0
-79.0
-116.0
-134.0
71.0
-34.0
278.0
203.0
-65.0
27.0
28.0
-1.0
-86.0
-139.0
-9.0
-92.0
-15.0
-101.0
95.0
-97.0
-51.0
-68.0
-10.0
-16.0
-82.0
19.0
-156.0
514.0
188.0
-169.0
-47.0
20.0
467.0
126.0
229.0
-47.0
51.0
-93.0
-11.0
-12.0
62.0
-144.0
-142.0
-135.0
-139.0
-33.0
-6.0
-148.0
-68.0
-184.0
29.0
38.0
-72.0
-88.0
-41.0
-24.0
-88.0
19.0
-230.0
-59.0
84.0
-1.0
-64.0
109.0
118.0
-79.0
-151.0
-39.0
-67.0
-82.0
-15.0
-132.0
-146.0
-134.0
-45.0
82.0
-94.0
-70.0
-123.0
-14.0
-138.0
-17.0
-96.0
-142.0
-21.0
-53.0
-82.0
-94.0
-98.0
-50.0
55.0
-49.0
-58.0
16.0
55.0
-14.0
-82.0
-80.0
87.0
-89.0
-11.0
-111.0
-148.0
-153.0
-3.0
-61.0
-178.0
-13.0
-146.0
-75.0
-100.0
155.0
-140.0
-144.0
-74.0
-98.0
-132.0
-137.0
277.0
-116.0
-30.0
-53.0
-47.0
-241.0
-65.0
-36.0
-115.0
-42.0
59.0
-74.0
273.0
-122.0
-37.0
-156.0
76.0
169.0
-71.0
-127.0
-106.0
-126.0
39.0
-48.0
-128.0
-77.0
97.0
-105.0
-72.0
-156.0
110.0
-156.0
-154.0
-133.0
-28.0
-56.0
-156.0
-93.0
44.0
-79.0
-154.0
-4.0
-70.0
66.0
11.0
-26.0
-132.0
-10.0
-16.0
-152.0
-171.0
80.0
-137.0
-62.0
-27.0
75.0
-1.0
-58.0
-33.0
-131.0
-160.0
-88.0
-58.0
79.0
81.0
-141.0
5.0
-151.0
-129.0
475.0
-221.0
-2.0
-184.0
53.0
-133.0
409.0
-132.0
-160.0
-192.0
236.0
-78.0
28.0
-103.0
-9.0
62.0
-25.0
140.0
-6.0
-124.0
-19.0
-151.0
-47.0
-66.0
-61.0
-24.0
86.0
-48.0
84.0
87.0
-10.0
-71.0
-126.0
-141.0
-138.0
-16.0
-25.0
-83.0
-40.0
-23.0
-53.0
-75.0
-153.0
-42.0
40.0
254.0
91.0
-83.0
-152.0
-109.0
88.0
-188.0
-89.0
-88.0
-75.0
525.0
201.0
0.0
-93.0
-224.0
263.0
-8.0
148.0
-134.0
-46.0
182.0
-153.0
-88.0
-138.0
-61.0
8.0
-11.0
58.0
13.0
-103.0
-56.0
-11.0
-143.0
-16.0
-6.0
212.0
-81.0
473.0
-176.0
-66.0
-108.0
45.0
-93.0
153.0
-66.0
-142.0
-34.0
-131.0
-34.0
-141.0
-50.0
-219.0
-92.0
116.0
-59.0
-71.0
-85.0
90.0
-38.0
-154.0
-70.0
486.0
-160.0
111.0
18.0
98.0
-133.0
-105.0
208.0
130.0
41.0
-227.0
-100.0
-61.0
-158.0
-193.0
-5.0
-32.0
262.0
466.0
-123.0
-68.0
-169.0
-51.0
-99.0
-5.0
-106.0
73.0
91.0
-150.0
-97.0
-64.0
-178.0
-31.0
65.0
-56.0
4.0
-90.0
-59.0
-159.0
58.0
-165.0
-27.0
-178.0
-65.0
58.0
-59.0
3.0
-76.0
36.0
-102.0
-138.0
156.0
-72.0
-135.0
11.0
215.0
145.0
-107.0
157.0
-170.0
147.0
-72.0
-52.0
-251.0
-149.0
-10.0
534.0
-44.0
-143.0
-72.0
-120.0
24.0
-52.0
24.0
-134.0
-62.0
486.0
-154.0
-88.0
53.0
-81.0
-12.0
-142.0
-127.0
166.0
-137.0
-39.0
-40.0
-149.0
-66.0
-98.0
-7.0
-3.0
239.0
-21.0
70.0
-18.0
-152.0
38.0
36.0
-47.0
-17.0
-86.0
-85.0
152.0
-67.0
8.0
-31.0
89.0
61.0
-101.0
-114.0
187.0
-12.0
-51.0
93.0
-70.0
-85.0
-64.0
-133.0
-158.0
-174.0
-154.0
-125.0
-160.0
-2.0
25.0
-98.0
217.0
-59.0
-83.0
13.0
-200.0
-73.0
339.0
-8.0
-161.0
-46.0
-34.0
-5.0
394.0
-49.0
267.0
-59.0
-87.0
34.0
-85.0
142.0
45.0
469.0
-194.0
-138.0
-7.0
-80.0
-56.0
86.0
-142.0
-69.0
1.0
1.0
-134.0
488.0
-51.0
117.0
-35.0
-33.0
50.0
-88.0
-28.0
235.0
-71.0
-64.0
-176.0
8.0
33.0
147.0
-147.0
-79.0
-5.0
119.0
164.0
-47.0
-74.0
68.0
-202.0
415.0
-56.0
40.0
6.0
492.0
-120.0
76.0
-148.0
-84.0
2.0
17.0
110.0
114.0
85.0
-59.0
-134.0
166.0
178.0
-18.0
-49.0
-109.0
-134.0
36.0
-61.0
-140.0
-68.0
283.0
217.0
-103.0
-27.0
-151.0
-112.0
470.0
561.0
-168.0
50.0
184.0
-14.0
-66.0
48.0
-4.0
7.0
6.0
490.0
-171.0
43.0
170.0
-161.0
-133.0
-44.0
-72.0
244.0
-35.0
-165.0
404.0
81.0
16.0
175.0
-2.0
98.0
-21.0
-97.0
-134.0
-87.0
-48.0
214.0
-103.0
82.0
-95.0
-70.0
-70.0
-24.0
-128.0
-113.0
-2.0
-30.0
-181.0
290.0
-152.0
447.0
-67.0
-10.0
-85.0
2.0
-68.0
-56.0
-73.0
-92.0
-84.0
-46.0
-73.0
50.0
-148.0
-39.0
-133.0
-65.0
-72.0
-45.0
138.0
464.0
59.0
-130.0
-135.0
106.0
61.0
552.0
-80.0
-143.0
-128.0
-9.0
129.0
-79.0
-136.0
-65.0
-96.0
86.0
-59.0
-29.0
81.0
-88.0
2.0
465.0
-23.0
41.0
119.0
-19.0
-58.0
-25.0
452.0
-118.0
39.0
-50.0
-19.0
34.0
225.0
-103.0
14.0
554.0
-129.0
-40.0
-43.0
-153.0
-8.0
-23.0
-85.0
-106.0
-167.0
221.0
-27.0
-129.0
-143.0
-57.0
-44.0
-119.0
-49.0
10.0
25.0
-49.0
335.0
7.0
-84.0
-66.0
-10.0
-27.0
86.0
38.0
51.0
353.0
-84.0
10.0
-115.0
205.0
-157.0
40.0
-45.0
-120.0
-48.0
-19.0
333.0
29.0
-87.0
246.0
203.0
-139.0
15.0
421.0
-35.0
-62.0
-136.0
-7.0
-68.0
-62.0
-35.0
-52.0
26.0
-118.0
-75.0
-10.0
-80.0
208.0
49.0
-45.0
-79.0
-177.0
45.0
58.0
243.0
-29.0
400.0
208.0
-28.0
-185.0
437.0
60.0
-45.0
-30.0
5.0
-94.0
480.0
-10.0
-60.0
48.0
-32.0
62.0
518.0
-70.0
175.0
-241.0
-145.0
-50.0
-83.0
-72.0
0.0
279.0
-68.0
-68.0
-94.0
-36.0
-139.0
-41.0
51.0
-9.0
-134.0
-51.0
162.0
-94.0
125.0
-74.0
-101.0
104.0
156.0
308.0
-33.0
-67.0
117.0
-96.0
71.0
-54.0
465.0
56.0
-84.0
43.0
-112.0
-104.0
-178.0
-29.0
-130.0
373.0
469.0
58.0
1.0
-75.0
-35.0
165.0
-164.0
-26.0
-39.0
39.0
-118.0
-59.0
65.0
17.0
-81.0
-14.0
-79.0
-34.0
-4.0
279.0
-248.0
-12.0
64.0
223.0
-24.0
-164.0
-4.0
-73.0
-43.0
-63.0
229.0
150.0
108.0
-6.0
-34.0
-27.0
590.0
-149.0
-60.0
64.0
-138.0
-141.0
-40.0
-111.0
-132.0
-77.0
482.0
-2.0
-133.0
95.0
-68.0
-31.0
33.0
581.0
-130.0
116.0
100.0
-58.0
-48.0
44.0
-41.0
70.0
-16.0
-25.0
-97.0
-60.0
-18.0
-31.0
88.0
364.0
-39.0
-64.0
-147.0
164.0
-12.0
-73.0
-147.0
-96.0
82.0
538.0
113.0
-117.0
-74.0
56.0
-78.0
-129.0
-37.0
-20.0
74.0
-20.0
424.0
361.0
-56.0
72.0
-151.0
-59.0
-48.0
100.0
101.0
-81.0
52.0
269.0
106.0
77.0
283.0
-4.0
208.0
-77.0
248.0
173.0
-170.0
73.0
-138.0
-52.0
-201.0
-62.0
-138.0
246.0
252.0
-37.0
-69.0
257.0
-2.0
-84.0
-72.0
-142.0
-16.0
564.0
-154.0
-151.0
-171.0
49.0
69.0
-22.0
78.0
-100.0
361.0
35.0
-55.0
-35.0
-75.0
104.0
191.0
-146.0
-46.0
64.0
2.0
-80.0
-4.0
-13.0
-109.0
197.0
-170.0
-40.0
-140.0
-135.0
-80.0
-143.0
-69.0
277.0
94.0
-112.0
-75.0
-169.0
-166.0
-143.0
21.0
43.0
-134.0
-94.0
61.0
-20.0
-78.0
24.0
-55.0
-149.0
442.0
124.0
5.0
-140.0
105.0
-45.0
-140.0
-14.0
-83.0
101.0
-127.0
-96.0
-12.0
-146.0
-85.0
19.0
-137.0
-87.0
225.0
-122.0
-99.0
56.0
157.0
126.0
157.0
531.0
-158.0
-25.0
32.0
-121.0
385.0
-58.0
163.0
-138.0
62.0
23.0
-2.0
50.0
-100.0
-23.0
373.0
-67.0
98.0
211.0
86.0
-136.0
158.0
178.0
-58.0
9.0
514.0
-94.0
-69.0
-35.0
10.0
-68.0
82.0
137.0
201.0
-64.0
-162.0
66.0
-138.0
-172.0
-113.0
10.0
-51.0
57.0
25.0
-144.0
-69.0
-64.0
-103.0
-61.0
248.0
-82.0
-53.0
268.0
-41.0
-56.0
-21.0
-15.0
-6.0
6.0
85.0
235.0
-36.0
114.0
-21.0
-88.0
-133.0
80.0
-80.0
8.0
3.0
13.0
344.0
-29.0
52.0
103.0
-47.0
13.0
29.0
-127.0
376.0
-160.0
-27.0
-109.0
-96.0
446.0
65.0
-123.0
379.0
57.0
493.0
-17.0
369.0
119.0
-78.0
261.0
216.0
377.0
-135.0
-107.0
-76.0
-230.0
-154.0
-81.0
428.0
-54.0
-75.0
-135.0
98.0
331.0
10.0
-86.0
-84.0
-80.0
-63.0
-112.0
-111.0
-62.0
396.0
-37.0
-144.0
1.0
-81.0
-46.0
118.0
-100.0
-64.0
-20.0
31.0
-75.0
-165.0
-135.0
-51.0
99.0
-53.0
238.0
-155.0
-44.0
374.0
-68.0
182.0
-78.0
-22.0
-132.0
34.0
-81.0
310.0
-111.0
-132.0
-134.0
-135.0
46.0
81.0
-115.0
166.0
109.0
-53.0
515.0
128.0
-76.0
49.0
-143.0
68.0
-153.0
-1.0
122.0
47.0
130.0
42.0
-65.0
463.0
-45.0
201.0
265.0
-174.0
-136.0
-37.0
13.0
-37.0
-63.0
38.0
-72.0
-108.0
37.0
-156.0
1.0
51.0
17.0
203.0
-72.0
-76.0
-40.0
20.0
-87.0
-68.0
-55.0
-97.0
-130.0
-45.0
5.0
87.0
-31.0
230.0
-147.0
1.0
497.0
-145.0
490.0
200.0
-127.0
-4.0
-159.0
-127.0
490.0
208.0
495.0
-79.0
-79.0
-36.0
-146.0
217.0
-41.0
559.0
222.0
-150.0
-21.0
23.0
25.0
-50.0
127.0
-30.0
-41.0
377.0
-15.0
89.0
109.0
27.0
257.0
181.0
-93.0
-95.0
223.0
-153.0
408.0
-71.0
6.0
-43.0
-32.0
-71.0
-30.0
267.0
6.0
-118.0
-73.0
420.0
-36.0
-51.0
-68.0
-41.0
-20.0
-157.0
471.0
-108.0
-1.0
377.0
106.0
471.0
-59.0
-104.0
-23.0
134.0
144.0
-47.0
-127.0
-94.0
346.0
160.0
-87.0
-88.0
382.0
-6.0
77.0
170.0
485.0
-50.0
-27.0
62.0
420.0
-115.0
-58.0
-29.0
62.0
-74.0
-95.0
170.0
58.0
197.0
-77.0
-188.0
26.0
61.0
-31.0
-17.0
107.0
-18.0
-93.0
68.0
-48.0
-53.0
-66.0
-3.0
-94.0
47.0
-88.0
-20.0
37.0
-86.0
-65.0
-129.0
289.0
-17.0
-57.0
194.0
123.0
25.0
-36.0
-3.0
423.0
-45.0
-33.0
-157.0
-31.0
-62.0
500.0
175.0
501.0
446.0
-150.0
183.0
-138.0
114.0
33.0
-37.0
-93.0
-40.0
-115.0
-84.0
-69.0
27.0
83.0
-104.0
-24.0
389.0
-78.0
-147.0
440.0
553.0
-91.0
68.0
-107.0
-51.0
78.0
497.0
-95.0
-207.0
-84.0
5.0
126.0
73.0
-34.0
-75.0
-89.0
225.0
-1.0
-2.0
53.0
-30.0
-46.0
-19.0
225.0
71.0
145.0
465.0
33.0
-9.0
25.0
38.0
-93.0
-82.0
12.0
-139.0
-13.0
-30.0
-97.0
534.0
220.0
195.0
100.0
2.0
22.0
-86.0
33.0
522.0
-56.0
8.0
-144.0
10.0
-38.0
-116.0
233.0
-92.0
104.0
-64.0
-186.0
174.0
-140.0
257.0
-75.0
-64.0
106.0
247.0
-151.0
-12.0
-102.0
-21.0
-90.0
196.0
-98.0
-68.0
-101.0
-59.0
-24.0
187.0
-70.0
142.0
-111.0
-140.0
259.0
534.0
244.0
150.0
70.0
-56.0
-21.0
23.0
-74.0
-85.0
-68.0
-1.0
-39.0
534.0
-65.0
-91.0
-18.0
-60.0
9.0
103.0
-70.0
70.0
-112.0
-103.0
-1.0
200.0
451.0
114.0
60.0
142.0
-144.0
297.0
10.0
-22.0
49.0
-138.0
85.0
258.0
430.0
171.0
39.0
62.0
190.0
-138.0
141.0
-19.0
2.0
453.0
-45.0
-76.0
182.0
-62.0
54.0
502.0
409.0
494.0
51.0
129.0
18.0
18.0
84.0
-13.0
-134.0
262.0
-167.0
-41.0
-96.0
29.0
302.0
85.0
-5.0
-55.0
13.0
69.0
365.0
2.0
-150.0
-175.0
-157.0
492.0
244.0
-67.0
-147.0
-155.0
238.0
207.0
-71.0
-33.0
142.0
64.0
-30.0
45.0
-37.0
490.0
57.0
-15.0
230.0
-146.0
179.0
-120.0
503.0
-63.0
76.0
-24.0
-14.0
456.0
49.0
38.0
59.0
222.0
-140.0
183.0
108.0
538.0
-39.0
-128.0
154.0
448.0
-2.0
9.0
-167.0
48.0
-48.0
-129.0
-85.0
-75.0
4.0
529.0
432.0
254.0
-104.0
387.0
-8.0
60.0
-25.0
-131.0
45.0
-63.0
-32.0
-24.0
160.0
201.0
451.0
124.0
377.0
203.0
260.0
-65.0
-139.0
-53.0
-23.0
-75.0
-56.0
-40.0
275.0
452.0
137.0
-101.0
16.0
578.0
-173.0
-136.0
8.0
541.0
21.0
106.0
-1.0
-43.0
-77.0
498.0
-125.0
-85.0
56.0
38.0
-19.0
183.0
-369.0
-107.0
549.0
-117.0
-175.0
-36.0
-132.0
45.0
204.0
-120.0
39.0
-48.0
63.0
54.0
-37.0
8.0
560.0
-44.0
-61.0
535.0
274.0
221.0
24.0
144.0
52.0
-3.0
-5.0
146.0
85.0
51.0
584.0
427.0
-30.0
36.0
142.0
315.0
84.0
-58.0
-149.0
147.0
16.0
-45.0
-161.0
99.0
-37.0
50.0
-140.0
-140.0
148.0
92.0
-121.0
271.0
243.0
117.0
215.0
312.0
529.0
557.0
499.0
-66.0
38.0
298.0
-82.0
-123.0
8.0
-176.0
93.0
-202.0
-22.0
6.0
267.0
-125.0
-36.0
-103.0
-15.0
-183.0
-164.0
-57.0
222.0
39.0
-88.0
199.0
353.0
-44.0
209.0
-43.0
-60.0
-73.0
-88.0
18.0
183.0
-64.0
-81.0
-104.0
-40.0
461.0
-86.0
156.0
-145.0
-72.0
27.0
-52.0
248.0
-43.0
-88.0
-109.0
-84.0
-20.0
228.0
-264.0
-31.0
-128.0
131.0
-11.0
-47.0
-140.0
-127.0
-158.0
-98.0
417.0
-8.0
-105.0
-25.0
362.0
-11.0
-118.0
-51.0
234.0
-71.0
33.0
24.0
27.0
-41.0
-107.0
-46.0
-127.0
19.0
-61.0
126.0
213.0
88.0
22.0
-113.0
-53.0
263.0
-111.0
-117.0
-86.0
-34.0
-79.0
79.0
-44.0
-98.0
-58.0
131.0
10.0
300.0
-26.0
88.0
414.0
120.0
477.0
-54.0
-103.0
-93.0
-136.0
-105.0
-53.0
-141.0
-20.0
-100.0
-53.0
-68.0
353.0
-53.0
14.0
-57.0
-80.0
-68.0
21.0
8.0
-17.0
158.0
521.0
-156.0
92.0
-132.0
424.0
-26.0
140.0
-18.0
-142.0
3.0
474.0
-73.0
88.0
-83.0
-139.0
38.0
113.0
38.0
-218.0
-36.0
-8.0
8.0
68.0
276.0
-93.0
108.0
501.0
367.0
-69.0
-48.0
530.0
15.0
-91.0
180.0
8.0
-84.0
21.0
159.0
144.0
-151.0
53.0
4.26325641456e-14
-49.0
-115.0
97.0
-187.0
1.0
40.0
16.0
-93.0
-159.0
130.0
-40.0
-143.0
-149.0
268.0
302.0
-45.0
20.0
94.0
-130.0
-62.0
-55.0
-35.0
449.0
-140.0
-142.0
73.0
7.0
-95.0
164.0
-159.0
437.0
-141.0
-70.0
11.0
17.0
-191.0
-61.0
-165.0
6.0
-26.0
159.0
-16.0
86.0
-63.0
214.0
213.0
62.0
-31.0
352.0
-108.0
-75.0
-119.0
-67.0
461.0
35.0
-102.0
19.0
8.0
-136.0
497.0
-16.0
-112.0
6.0
-77.0
-82.0
-80.0
-134.0
88.0
-91.0
-50.0
31.0
30.0
-93.0
-15.0
-88.0
-146.0
146.0
-39.0
-31.0
166.0
185.0
-16.0
-53.0
-112.0
-108.0
-84.0
227.0
194.0
-145.0
-64.0
-34.0
-98.0
-23.0
114.0
-20.0
-60.0
374.0
109.0
44.0
-13.0
-71.0
60.0
-121.0
-168.0
-81.0
145.0
18.0
-91.0
111.0
-137.0
-46.0
-149.0
18.0
87.0
453.0
265.0
-69.0
-48.0
8.0
111.0
7.0
-23.0
-40.0
-152.0
-149.0
161.0
530.0
-141.0
54.0
4.0
-87.0
-59.0
261.0
-140.0
-98.0
56.0
-83.0
37.0
-136.0
-39.0
-85.0
-86.0
202.0
-137.0
-128.0
-27.0
-52.0
171.0
562.0
28.0
500.0
-50.0
556.0
487.0
-115.0
100.0
-68.0
-134.0
-57.0
-80.0
441.0
-163.0
198.0
-138.0
92.0
40.0
188.0
65.0
-80.0
50.0
63.0
-88.0
-148.0
6.0
-5.0
-16.0
50.0
23.0
303.0
425.0
-2.0
-79.0
-45.0
-118.0
13.0
-153.0
313.0
119.0
-136.0
43.0
-73.0
-99.0
162.0
24.0
267.0
50.0
93.0
-66.0
152.0
22.0
411.0
182.0
302.0
-5.0
76.0
-27.0
97.0
11.0
-140.0
90.0
22.0
-12.0
79.0
-67.0
-22.0
358.0
74.0
-179.0
162.0
510.0
13.0
-70.0
369.0
-76.0
-10.0
-54.0
-8.0
236.0
-7.0
95.0
-81.0
51.0
165.0
-177.0
-59.0
369.0
-41.0
-120.0
109.0
-147.0
16.0
302.0
565.0
512.0
-147.0
183.0
-35.0
-26.0
-13.0
600.0
36.0
539.0
-81.0
-65.0
-48.0
194.0
-59.0
-79.0
60.0
232.0
92.0
54.0
-136.0
305.0
-122.0
-91.0
472.0
-143.0
-77.0
171.0
-72.0
-41.0
-43.0
108.0
173.0
20.0
-15.0
111.0
82.0
16.0
-148.0
0.0
502.0
-46.0
-94.0
-13.0
-137.0
-123.0
-62.0
-50.0
24.0
-69.0
32.0
369.0
82.0
-61.0
2.0
-162.0
-126.0
173.0
93.0
227.0
-19.0
23.0
-96.0
588.0
201.0
432.0
-91.0
-46.0
-67.0
-45.0
504.0
-12.0
451.0
11.0
515.0
-99.0
-180.0
-43.0
88.0
-56.0
235.0
-60.0
423.0
25.0
-36.0
-144.0
-63.0
-39.0
-71.0
288.0
-76.0
-79.0
433.0
146.0
166.0
-138.0
-56.0
371.0
551.0
-142.0
67.0
-83.0
-41.0
-71.0
-96.0
-26.0
442.0
-22.0
51.0
-18.0
-27.0
-136.0
163.0
17.0
9.0
-142.0
-159.0
528.0
67.0
100.0
588.0
-90.0
419.0
-37.0
-164.0
42.0
157.0
410.0
43.0
323.0
522.0
136.0
288.0
361.0
-20.0
-95.0
-61.0
61.0
-1.0
-51.0
-157.0
22.0
375.0
60.0
98.0
7.0
67.0
93.0
-91.0
-239.0
474.0
36.0
27.0
-26.0
-44.0
-70.0
107.0
-55.0
-104.0
-188.0
537.0
129.0
323.0
-11.0
-18.0
4.0
-68.0
85.0
-5.0
515.0
107.0
7.0
3.0
549.0
158.0
91.0
61.0
441.0
-173.0
572.0
-71.0
512.0
462.0
-82.0
413.0
-54.0
498.0
-56.0
60.0
-1.0
-116.0
150.0
-202.0
30.0
244.0
-190.0
78.0
289.0
6.0
-15.0
69.0
236.0
65.0
-137.0
-134.0
152.0
185.0
409.0
52.0
-70.0
-153.0
102.0
-31.0
154.0
266.0
14.0
548.0
97.0
-5.0
120.0
-32.0
-94.0
57.0
213.0
-134.0
-148.0
-5.0
105.0
64.0
14.0
-60.0
83.0
-137.0
-202.0
237.0
499.0
-148.0
16.0
117.0
494.0
32.0
523.0
1.0
59.0
-41.0
42.0
-53.0
-54.0
-3.0
-78.0
84.0
568.0
4.0
-6.0
175.0
18.0
165.0
-7.0
150.0
-121.0
220.0
-68.0
63.0
-134.0
1.0
80.0
187.0
215.0
420.0
-77.0
18.0
-103.0
488.0
67.0
-12.0
-130.0
-19.0
13.0
-16.0
-1.0
27.0
90.0
152.0
49.0
1.0
334.0
83.0
-103.0
194.0
72.0
-96.0
313.0
264.0
-84.0
-84.0
-67.0
203.0
-158.0
-89.0
488.0
-91.0
156.0
143.0
55.0
8.0
-63.0
-38.0
168.0
330.0
152.0
451.0
-25.0
520.0
66.0
7.0
430.0
88.0
197.0
305.0
377.0
-142.0
55.0
-139.0
121.0
71.0
383.0
153.0
80.0
39.0
510.0
223.0
-46.0
182.0
-107.0
184.0
2.0
176.0
99.0
-75.0
90.0
291.0
320.0
278.0
57.0
-17.0
24.0
-110.0
-79.0
-37.0
24.0
14.0
67.0
-71.0
183.0
538.0
174.0
12.0
-73.0
82.0
-68.0
164.0
100.0
238.0
-159.0
-135.0
187.0
-157.0
69.0
13.0
-42.0
29.0
15.0
-42.0
316.0
203.0
-136.0
-60.0
-36.0
163.0
25.0
368.0
277.0
9.0
-34.0
-173.0
-80.0
-122.0
-66.0
-44.0
80.0
-67.0
50.0
-116.0
152.0
44.0
129.0
25.0
-79.0
-79.0
-121.0
26.0
49.0
-76.0
84.0
163.0
-53.0
-107.0
-138.0
479.0
41.0
341.0
199.0
-3.0
-54.0
-1.0
159.0
103.0
0.0
18.0
-62.0
-50.0
2.0
260.0
473.0
-88.0
443.0
193.0
10.0
-12.0
84.0
35.0
-51.0
2.0
71.0
-113.0
3.0
-24.0
413.0
-38.0
284.0
535.0
440.0
-98.0
-33.0
507.0
-127.0
134.0
417.0
390.0
37.0
13.0
49.0
161.0
8.0
-69.0
-156.0
452.0
504.0
80.0
67.0
84.0
-20.0
-63.0
468.0
544.0
-20.0
-52.0
7.0
-107.0
-24.0
95.0
-151.0
1.0
-29.0
124.0
480.0
-2.0
-152.0
26.0
527.0
-37.0
306.0
95.0
-131.0
-35.0
87.0
479.0
-13.0
162.0
-18.0
158.0
-94.0
-54.0
-104.0
109.0
166.0
35.0
80.0
150.0
185.0
12.0
-58.0
-60.0
2.0
-38.0
238.0
43.0
-81.0
-136.0
-47.0
-45.0
44.0
-56.0
106.0
-11.0
47.0
18.0
-10.0
281.0
34.0
-69.0
-134.0
269.0
-38.0
3.0
201.0
-2.0
-135.0
-58.0
146.0
214.0
22.0
74.0
24.0
49.0
-139.0
-21.0
77.0
-81.0
-15.0
377.0
20.0
-142.0
346.0
2.0
33.0
16.0
-23.0
-80.0
-4.0
272.0
534.0
-8.0
240.0
-16.0
10.0
319.0
221.0
-15.0
143.0
-60.0
-109.0
59.0
489.0
262.0
-76.0
9.0
402.0
100.0
401.0
144.0
405.0
183.0
41.0
178.0
73.0
-45.0
-34.0
140.0
-38.0
81.0
-12.0
-34.0
-15.0
7.0
-17.0
310.0
-69.0
-142.0
75.0
-34.0
115.0
91.0
99.0
183.0
164.0
-84.0
4.26325641456e-14
517.0
-126.0
515.0
227.0
-174.0
5.0
-116.0
152.0
-66.0
172.0
368.0
-16.0
-150.0
64.0
37.0
-106.0
-4.0
462.0
333.0
-11.0
-25.0
115.0
429.0
129.0
-144.0
510.0
-127.0
84.0
121.0
265.0
119.0
250.0
4.0
168.0
8.0
504.0
49.0
90.0
237.0
48.0
334.0
227.0
168.0
-219.0
-368.0
13.0
-10.0
-20.0
77.0
9.0
-27.0
112.0
-183.0
-75.0
-138.0
36.0
-96.0
12.0
297.0
8.0
-39.0
424.0
-180.0
-80.0
-85.0
-59.0
-31.0
38.0
80.0
-46.0
-69.0
106.0
495.0
15.0
-52.0
80.0
83.0
-34.0
7.0
29.0
376.0
188.0
-166.0
-122.0
476.0
-96.0
5.0
-43.0
-58.0
-28.0
81.0
-13.0
-46.0
203.0
439.0
55.0
129.0
197.0
67.0
-81.0
-83.0
-22.0
-22.0
165.0
91.0
223.0
-65.0
-97.0
26.0
-111.0
257.0
401.0
-93.0
24.0
444.0
481.0
16.0
-75.0
501.0
295.0
-149.0
8.0
7.0
80.0
-99.0
-60.0
-65.0
-79.0
44.0
-91.0
28.0
165.0
38.0
505.0
564.0
-105.0
-117.0
48.0
-156.0
-67.0
39.0
397.0
155.0
-169.0
1.42108547152e-14
-62.0
26.0
23.0
-33.0
-29.0
157.0
-24.0
466.0
492.0
-12.0
284.0
-24.0
517.0
504.0
159.0
-119.0
-62.0
52.0
330.0
-137.0
-53.0
-99.0
-27.0
125.0
390.0
520.0
47.0
342.0
-130.0
7.0
73.0
-9.0
-71.0
-56.0
493.0
-156.0
102.0
83.0
-90.0
89.0
8.0
4.0
193.0
-10.0
-92.0
32.0
-32.0
-120.0
-2.0
-91.0
-73.0
-148.0
-97.0
30.0
212.0
-78.0
-88.0
23.0
479.0
-106.0
60.0
208.0
-60.0
100.0
-44.0
-131.0
-45.0
-115.0
405.0
201.0
-164.0
69.0
-140.0
-22.0
-49.0
-114.0
506.0
510.0
-74.0
-115.0
102.0
-28.0
71.0
125.0
-59.0
-39.0
134.0
25.0
-138.0
54.0
52.0
-42.0
-68.0
124.0
143.0
56.0
-94.0
72.0
-82.0
-35.0
-101.0
9.0
-149.0
166.0
57.0
-42.0
-152.0
-39.0
387.0
-82.0
-126.0
-159.0
-25.0
225.0
4.0
228.0
100.0
495.0
-112.0
11.0
49.0
-37.0
243.0
-6.0
-47.0
341.0
539.0
139.0
367.0
173.0
158.0
247.0
-35.0
-22.0
-92.0
121.0
65.0
-78.0
169.0
-69.0
289.0
-5.0
-21.0
-181.0
157.0
-91.0
21.0
511.0
-149.0
499.0
-96.0
-8.0
148.0
149.0
145.0
248.0
-38.0
7.0
152.0
-146.0
-111.0
-76.0
23.0
85.0
-163.0
17.0
-153.0
407.0
-135.0
124.0
-77.0
-183.0
46.0
152.0
-161.0
84.0
-107.0
-103.0
111.0
-26.0
119.0
-62.0
-1.0
-91.0
584.0
-51.0
-137.0
130.0
235.0
-95.0
471.0
-146.0
-157.0
420.0
207.0
472.0
217.0
3.0
-46.0
107.0
-4.0
11.0
32.0
-28.0
-205.0
258.0
51.0
179.0
-155.0
-85.0
221.0
-29.0
74.0
-157.0
-44.0
5.0
201.0
6.0
469.0
-44.0
-71.0
16.0
143.0
-143.0
300.0
283.0
-67.0
-58.0
-54.0
72.0
56.0
389.0
-64.0
-144.0
437.0
13.0
-115.0
59.0
-79.0
-150.0
8.0
228.0
-92.0
25.0
272.0
-180.0
-97.0
-36.0
260.0
27.0
-120.0
-143.0
-81.0
-139.0
-140.0
70.0
-151.0
-12.0
66.0
18.0
-163.0
-138.0
-48.0
86.0
-20.0
-2.0
120.0
424.0
-23.0
25.0
-160.0
533.0
1.0
244.0
-37.0
-63.0
2.0
478.0
176.0
6.0
-11.0
469.0
38.0
96.0
-38.0
130.0
159.0
539.0
448.0
33.0
-49.0
-15.0
-74.0
-25.0
-80.0
-11.0
474.0
-5.0
52.0
191.0
405.0
27.0
-44.0
-150.0
38.0
-90.0
-86.0
132.0
471.0
252.0
253.0
22.0
-75.0
382.0
7.0
-51.0
192.0
509.0
12.0
10.0
213.0
364.0
96.0
-41.0
-64.0
-50.0
158.0
-143.0
-66.0
481.0
-99.0
508.0
-119.0
27.0
29.0
-141.0
-138.0
32.0
461.0
39.0
96.0
60.0
112.0
-226.0
15.0
-124.0
-82.0
-83.0
425.0
-7.0
-8.0
-13.0
448.0
180.0
-62.0
62.0
-5.0
19.0
40.0
6.0
28.0
3.0
-77.0
-15.0
472.0
-22.0
-88.0
320.0
-53.0
57.0
483.0
95.0
-148.0
-82.0
0.0
-117.0
575.0
171.0
281.0
467.0
-48.0
588.0
-42.0
-152.0
-22.0
-106.0
39.0
-175.0
-10.0
506.0
-112.0
165.0
-22.0
-45.0
73.0
414.0
139.0
472.0
-71.0
-116.0
159.0
85.0
519.0
401.0
343.0
363.0
536.0
-119.0
211.0
-10.0
496.0
-94.0
-4.0
-25.0
-74.0
339.0
219.0
21.0
216.0
483.0
-28.0
-61.0
281.0
47.0
319.0
-88.0
190.0
-24.0
93.0
494.0
282.0
24.0
147.0
41.0
13.0
-60.0
-162.0
80.0
84.0
176.0
190.0
-73.0
-84.0
449.0
-21.0
-173.0
106.0
20.0
222.0
270.0
251.0
51.0
121.0
60.0
160.0
-62.0
31.0
69.0
137.0
-151.0
-7.0
137.0
147.0
68.0
282.0
-42.0
58.0
142.0
-15.0
-85.0
-136.0
-133.0
33.0
143.0
558.0
506.0
137.0
501.0
-90.0
-150.0
557.0
540.0
-140.0
-6.0
-59.0
-49.0
-66.0
441.0
201.0
-72.0
57.0
353.0
-66.0
204.0
273.0
245.0
-13.0
243.0
228.0
5.0
-142.0
238.0
-1.0
-62.0
-106.0
-79.0
-32.0
-24.0
141.0
525.0
-143.0
8.0
-35.0
392.0
56.0
44.0
11.0
-130.0
-1.0
-7.0
30.0
226.0
71.0
322.0
-56.0
-136.0
235.0
132.0
539.0
251.0
365.0
153.0
258.0
-83.0
536.0
-170.0
-47.0
130.0
32.0
446.0
563.0
177.0
-36.0
-120.0
513.0
-36.0
-150.0
121.0
-11.0
-46.0
517.0
88.0
132.0
-32.0
275.0
556.0
-85.0
186.0
74.0
256.0
-13.0
-143.0
158.0
109.0
265.0
305.0
-68.0
58.0
77.0
-22.0
61.0
-156.0
116.0
-72.0
400.0
662.0
-9.0
-135.0
153.0
-73.0
-40.0
250.0
529.0
143.0
525.0
47.0
493.0
184.0
72.0
343.0
-27.0
597.0
12.0
37.0
-57.0
232.0
316.0
99.0
345.0
-8.0
294.0
-45.0
-132.0
25.0
-79.0
-142.0
562.0
83.0
14.0
240.0
269.0
254.0
578.0
227.0
187.0
-141.0
179.0
-153.0
36.0
-99.0
5.0
487.0
-148.0
-17.0
257.0
-32.0
-94.0
375.0
-103.0
-66.0
-16.0
-136.0
137.0
-110.0
498.0
26.0
94.0
591.0
239.0
155.0
-51.0
-52.0
85.0
276.0
153.0
223.0
590.0
250.0
186.0
363.0
222.0
249.0
491.0
505.0
549.0
-145.0
78.0
250.0
366.0
138.0
52.0
324.0
208.0
138.0
-48.0
629.0
-53.0
83.0
70.0
-3.0
311.0
425.0
221.0
5.0
-116.0
30.0
245.0
-54.0
-31.0
476.0
-61.0
15.0
-226.0
-118.0
337.0
224.0
-66.0
-100.0
144.0
577.0
-26.0
-139.0
-95.0
-81.0
201.0
-4.0
-31.0
338.0
-56.0
255.0
-51.0
115.0
-141.0
-155.0
-82.0
-57.0
149.0
-137.0
-98.0
109.0
-41.0
44.0
-156.0
-13.0
336.0
-96.0
502.0
100.0
-142.0
-6.0
73.0
-95.0
151.0
102.0
-153.0
120.0
25.0
-26.0
-75.0
455.0
-70.0
-62.0
494.0
-117.0
-33.0
-47.0
427.0
202.0
463.0
-105.0
-120.0
267.0
-142.0
-83.0
460.0
-47.0
-2.0
62.0
-12.0
297.0
-133.0
-15.0
523.0
34.0
48.0
-79.0
17.0
-14.0
-58.0
-30.0
-71.0
291.0
41.0
303.0
466.0
304.0
7.0
311.0
-52.0
514.0
-96.0
523.0
-54.0
42.0
-42.0
216.0
509.0
-143.0
61.0
-27.0
49.0
-266.0
1.0
497.0
227.0
77.0
-49.0
242.0
41.0
438.0
-37.0
41.0
108.0
-157.0
481.0
-19.0
-83.0
-32.0
-32.0
211.0
214.0
458.0
-105.0
1.0
92.0
-102.0
538.0
236.0
-156.0
83.0
9.0
-70.0
-174.0
200.0
200.0
55.0
-116.0
299.0
508.0
31.0
-12.0
500.0
-22.0
481.0
-12.0
-73.0
48.0
176.0
405.0
591.0
595.0
55.0
194.0
547.0
139.0
282.0
528.0
-20.0
99.0
532.0
-33.0
-33.0
14.0
137.0
550.0
19.0
270.0
-8.0
30.0
63.0
18.0
-19.0
447.0
626.0
94.0
-25.0
194.0
-6.0
32.0
546.0
-161.0
310.0
147.0
-56.0
61.0
90.0
-141.0
-55.0
-5.0
243.0
582.0
-28.0
158.0
578.0
-43.0
522.0
98.0
-95.0
300.0
224.0
230.0
-8.0
-54.0
291.0
401.0
-95.0
6.0
522.0
79.0
142.0
209.0
-85.0
-103.0
93.0
50.0
157.0
516.0
132.0
14.0
475.0
-65.0
115.0
-167.0
-19.0
16.0
-120.0
10.0
69.0
81.0
520.0
-111.0
269.0
286.0
376.0
452.0
473.0
420.0
137.0
489.0
53.0
454.0
123.0
63.0
144.0
400.0
241.0
191.0
552.0
349.0
-146.0
3.0
-42.0
409.0
448.0
-62.0
-90.0
173.0
476.0
499.0
-148.0
-12.0
-149.0
34.0
-152.0
188.0
149.0
-39.0
189.0
-89.0
194.0
-14.0
-77.0
116.0
186.0
142.0
-20.0
35.0
-58.0
562.0
4.0
-138.0
223.0
-136.0
186.0
474.0
247.0
-143.0
213.0
-57.0
-25.0
-142.0
-43.0
-18.0
-74.0
-29.0
75.0
240.0
259.0
12.0
26.0
-8.0
150.0
97.0
-116.0
-72.0
-68.0
29.0
40.0
605.0
128.0
58.0
-76.0
-74.0
-52.0
-120.0
-68.0
23.0
59.0
500.0
-159.0
54.0
-70.0
548.0
-146.0
113.0
427.0
219.0
588.0
-141.0
-48.0
-138.0
6.0
-137.0
39.0
-23.0
50.0
-67.0
-37.0
1.0
68.0
-78.0
-52.0
-63.0
10.0
-18.0
476.0
591.0
518.0
413.0
487.0
-143.0
-29.0
-125.0
-69.0
-3.0
431.0
438.0
15.0
-99.0
135.0
130.0
-30.0
-144.0
80.0
-136.0
9.0
-12.0
-86.0
517.0
314.0
35.0
-39.0
-63.0
-67.0
-24.0
-12.0
29.0
128.0
-54.0
475.0
286.0
36.0
41.0
6.0
271.0
360.0
-79.0
83.0
-145.0
-151.0
67.0
239.0
-37.0
-46.0
-75.0
-215.0
107.0
-49.0
299.0
-106.0
185.0
-50.0
-92.0
129.0
39.0
-78.0
-8.0
-23.0
159.0
-91.0
264.0
179.0
31.0
17.0
502.0
544.0
81.0
46.0
191.0
-21.0
-133.0
-99.0
35.0
108.0
-100.0
53.0
-13.0
513.0
-77.0
-56.0
-77.0
-16.0
23.0
-9.0
242.0
174.0
10.0
26.0
-28.0
-95.0
-85.0
88.0
-147.0
-155.0
-84.0
-46.0
10.0
596.0
