10.58
14.09
65.93
36.42
15.97
10.83
16.6
30.66
10.06
11.96
9.86
6.8
29.2
43.75
20.11
38.45
21.57
11.36
31.84
11.24
86.58
31.13
17.38
21.83
24.23
28.61
24.24
34.65
14.21
12.51
22.3
12.51
13.83
18.3
16.64
11.19
21.14
24.61
231.92
217.07
161.83
93.63
76.55
16.8
9.52
44.63
9.79
11.81
57.54
49.82
24.3
30.43
92.57
105.59
18.6
73.3
44.74
48.41
13.75
52.7
18.87
42.06
48.52
64.65
12.67
89.48
41.3
14.51
40.61
18.87
133.93
14.42
30.26
20.68
42.61
19.66
179.49
113.55
46.87
19.04
103.14
23.5
16.5
170.6
100.3
28.16
21.25
33.64
100.4
16.6
23.68
24.62
38.22
102.0
24.37
19.2
18.41
16.58
26.75
32.36
35.25
15.64
11.66
41.25
24.68
30.21
37.45
33.68
28.75
23.6
27.28
42.51
24.55
40.13
18.84
28.34
14.52
109.05
35.0
26.33
101.08
95.1
25.82
51.57
135.34
32.9
23.65
11.88
77.7
35.35
96.42
31.45
25.66
38.36
47.04
46.79
73.54
54.91
32.03
46.44
64.7
52.58
79.87
85.62
43.91
12.24
15.49
20.24
129.71
7.12
84.23
26.65
29.68
17.91
73.81
41.09
24.42
61.11
36.89
43.37
18.28
32.65
83.66
21.6
18.2
19.47
16.99
76.05
17.24
21.74
23.33
49.83
43.17
17.53
52.51
75.77
25.03
36.16
30.17
24.2
23.46
15.02
52.42
11.9
11.2
13.93
16.25
91.3
11.87
19.05
13.71
12.86
19.13
15.99
82.89
11.61
19.76
18.51
33.85
27.53
16.56
25.11
17.11
29.57
18.85
54.52
21.57
26.31
21.73
34.35
27.33
24.93
25.97
26.2
9.78
28.27
9.72
26.87
14.8
26.49
14.19
19.92
19.84
28.84
23.21
18.14
22.07
21.12
18.89
23.38
19.09
12.41
33.0
10.1
23.63
8.88
12.72
19.62
56.34
8.0
20.86
10.37
11.49
54.34
33.65
15.31
11.89
164.29
11.0
16.84
11.62
14.22
13.17
11.89
28.06
21.0
21.95
11.85
88.23
14.55
15.33
47.96
55.81
30.97
10.52
15.95
8.83
10.56
12.76
30.26
26.06
27.92
15.59
25.55
31.89
72.93
22.46
9.6
10.51
29.16
35.04
9.54
11.19
8.06
24.65
9.21
10.56
13.16
24.28
11.96
85.65
32.54
18.71
11.04
10.15
27.34
38.93
26.51
28.77
12.17
21.31
13.99
34.25
31.1
37.24
11.2
16.65
8.92
15.02
7.96
14.06
9.69
26.74
25.72
15.47
11.9
27.0
8.97
87.53
51.54
21.4
21.06
18.55
4.56
9.49
16.19
19.3
54.45
50.02
20.74
33.0
11.05
27.87
11.13
25.86
14.08
39.71
13.68
29.92
19.9
58.93
14.94
9.07
10.87
12.62
26.8
25.02
13.61
16.24
122.02
14.49
28.38
10.37
10.98
39.17
19.39
11.93
34.27
15.26
7.53
8.62
9.73
30.2
21.14
56.4
20.78
95.46
10.84
20.9
18.11
19.57
13.48
94.72
39.56
23.92
21.77
53.81
10.24
17.91
37.78
9.4
9.29
17.36
10.35
25.22
19.55
17.93
28.92
24.99
14.95
32.48
15.12
16.61
21.0
22.57
26.91
17.88
16.8
81.86
7.35
12.85
21.27
25.08
94.36
30.83
28.99
29.74
26.49
114.59
27.46
37.0
7.91
45.4
22.92
31.85
19.86
8.3
16.41
19.87
26.41
10.0
46.55
69.1
10.34
16.58
10.8
28.43
21.41
10.25
14.13
16.8
63.39
32.0
79.98
59.88
46.67
9.33
35.5
31.88
39.07
32.51
8.59
9.47
17.61
17.4
25.96
51.37
33.74
112.82
11.4
27.87
12.42
144.95
18.11
11.33
37.26
7.53
30.63
9.5
8.84
8.42
34.97
47.35
38.28
23.77
53.09
19.55
19.04
63.82
10.34
16.81
17.09
102.29
12.2
12.83
8.68
56.54
102.11
36.13
4.78
12.32
8.34
9.76
10.55
25.03
26.75
5.57
25.17
35.59
77.44
67.01
42.64
9.54
17.54
41.63
32.37
62.73
98.11
87.97
31.5
10.29
12.39
21.99
27.82
85.55
32.74
12.19
28.6
20.2
20.54
94.99
50.75
14.89
138.87
24.81
61.76
9.81
31.87
23.81
19.92
25.44
7.4
24.11
17.02
31.85
17.87
15.24
20.64
27.09
30.56
12.33
21.16
48.34
73.78
12.58
38.69
64.96
51.25
9.18
9.98
36.04
6.11
36.15
18.71
7.47
62.28
104.45
6.56
12.8
19.94
6.25
13.98
16.96
39.74
19.55
24.73
30.1
27.29
106.24
29.8
27.6
162.42
78.18
63.68
19.18
19.21
70.88
33.19
36.48
22.07
27.23
10.84
32.13
20.1
27.42
81.36
17.6
17.78
252.68
12.03
74.53
17.83
37.5
48.43
24.27
10.57
32.97
10.55
81.8
3.42
25.36
29.57
15.11
77.97
18.19
8.9
36.78
11.89
9.65
9.76
13.84
31.6
9.68
10.46
50.52
33.69
21.38
117.02
60.62
9.88
9.88
89.42
16.63
14.11
33.12
25.78
9.22
16.53
14.4
19.78
25.73
23.77
79.86
89.07
44.28
40.31
33.17
30.6
23.59
50.16
129.08
31.84
20.06
9.57
32.39
28.73
46.18
53.38
41.96
18.39
101.84
96.66
54.92
58.34
22.12
12.16
99.49
21.43
21.59
23.15
12.63
12.76
17.3
10.84
74.65
11.21
75.17
131.76
42.37
105.3
17.96
16.48
90.25
65.43
79.91
19.65
53.77
14.03
35.04
8.18
79.31
10.46
14.47
44.05
19.2
25.15
49.85
26.18
10.13
9.72
19.53
20.28
14.14
19.61
13.76
34.72
78.12
34.59
43.97
67.73
11.78
27.38
13.77
46.27
20.1
79.65
20.59
17.22
13.61
27.22
112.55
9.24
85.92
31.17
34.88
26.67
16.15
11.99
48.8
22.02
18.23
76.58
98.66
86.73
31.44
34.19
23.93
100.79
27.32
81.0
69.51
74.0
35.81
137.27
9.75
20.71
36.86
26.35
31.48
15.4
73.09
35.59
42.32
19.33
9.61
40.04
21.57
21.95
22.43
37.33
10.09
91.83
106.64
90.09
27.28
27.36
50.84
11.08
36.34
37.06
18.21
13.16
46.94
14.7
27.96
32.09
35.95
91.37
25.73
21.37
83.56
29.76
95.1
46.39
24.85
9.17
23.33
23.08
94.86
32.15
26.11
23.5
49.24
80.04
24.9
100.34
55.54
20.76
36.95
12.48
30.94
29.5
25.42
35.8
94.86
26.43
21.23
57.11
36.4
39.71
16.81
12.41
9.92
22.63
98.98
163.7
18.14
11.71
18.23
56.91
30.62
44.85
30.28
12.23
25.03
26.1
102.91
93.3
159.63
63.12
17.99
16.38
20.15
10.98
22.94
26.48
43.85
9.91
57.94
20.19
30.06
19.96
71.11
18.91
41.52
15.34
49.3
19.36
18.29
10.28
124.86
32.0
51.44
95.67
27.71
115.92
21.62
26.19
109.65
85.69
17.4
10.75
21.0
11.56
68.01
131.36
41.42
88.67
41.21
26.21
95.6
9.73
9.76
18.29
27.28
18.13
31.52
14.51
40.23
68.11
74.69
73.85
49.84
24.97
87.21
26.93
30.52
33.76
113.22
26.85
72.88
29.77
8.22
20.38
36.97
17.49
28.46
98.29
51.12
11.97
59.14
47.96
21.0
5.3
14.53
24.12
80.66
74.22
53.9
54.5
158.92
12.81
43.07
8.21
15.78
20.03
27.37
58.64
171.29
63.35
33.09
19.45
55.12
28.58
36.01
21.21
27.33
33.21
157.43
18.61
27.25
38.03
12.47
21.67
15.84
31.8
23.79
61.61
53.16
20.0
21.29
65.46
12.53
12.07
10.43
122.32
56.46
32.15
12.38
9.35
13.03
22.56
120.97
42.96
21.61
68.66
84.46
37.12
36.51
16.62
26.73
10.53
83.62
62.82
176.49
15.79
75.13
61.82
14.68
14.76
14.09
107.26
39.66
87.34
29.91
22.31
20.32
19.34
207.22
15.71
24.84
85.69
12.43
24.77
18.86
17.42
10.43
100.85
149.61
28.57
86.07
11.71
31.49
72.15
28.86
109.42
28.08
10.36
160.45
60.6
11.7
40.35
12.42
143.85
35.5
19.78
107.14
169.1
12.07
21.2
65.04
61.21
53.34
28.94
49.85
18.81
24.94
81.56
86.6
32.33
18.56
131.65
32.38
68.14
140.07
49.81
166.6
21.74
10.64
153.14
113.63
13.73
114.18
61.09
35.86
100.1
133.15
10.39
110.58
42.72
104.64
14.67
71.13
12.35
129.98
64.25
33.06
24.79
77.05
167.34
23.4
10.1
152.24
60.28
30.73
19.94
56.97
12.64
8.74
24.61
52.68
122.92
10.4
52.52
11.05
17.61
60.53
9.13
22.98
22.57
19.99
28.37
10.62
51.02
18.8
22.0
28.3
13.32
10.24
21.91
11.15
27.8
15.45
140.28
28.93
23.26
63.17
22.56
9.13
22.11
8.76
11.01
14.23
183.61
93.97
9.12
13.56
46.03
11.46
28.3
19.2
24.58
34.71
15.38
23.04
23.1
70.48
33.85
21.27
8.98
93.74
74.45
21.48
26.92
12.84
20.62
10.91
22.66
16.81
11.83
47.43
43.24
18.06
133.44
21.68
28.92
9.48
60.6
35.62
103.41
103.65
17.82
95.61
21.0
27.07
72.17
33.69
28.07
24.73
119.92
25.42
105.49
50.78
14.52
19.23
27.4
54.9
22.94
144.41
59.11
129.78
107.18
17.44
14.22
48.07
142.63
96.83
96.13
13.49
81.36
25.06
30.85
29.71
11.66
11.35
11.35
10.21
10.93
36.28
71.47
12.67
17.87
20.23
71.29
43.33
46.1
46.98
88.57
33.51
45.49
47.38
86.32
16.59
107.98
28.55
17.96
96.71
48.47
97.88
12.57
11.66
45.26
42.89
30.42
5.79
9.91
8.73
11.92
74.38
22.33
17.76
48.69
28.16
31.17
51.4
42.38
9.85
75.26
57.86
19.81
66.74
90.17
35.85
35.81
13.26
14.63
44.61
58.63
25.32
19.56
19.86
75.18
20.29
27.06
25.37
158.01
12.61
48.41
36.98
58.28
28.15
11.55
18.76
42.72
103.52
10.02
10.02
17.52
22.51
8.1
30.82
185.86
25.9
35.59
69.42
39.79
50.58
43.17
60.11
27.09
61.91
90.01
20.69
62.18
30.69
36.3
14.05
59.66
90.67
40.46
30.69
47.7
32.54
69.35
109.04
31.48
22.67
104.84
26.12
18.34
62.29
130.43
13.63
38.68
9.64
34.26
15.88
14.83
24.84
39.28
22.05
38.91
29.07
43.71
141.32
26.11
32.02
9.21
54.73
28.87
12.52
15.27
156.6
10.49
17.73
35.42
87.66
25.53
42.3
54.18
9.28
14.53
21.15
16.7
86.72
59.59
11.34
28.54
13.28
28.94
145.37
28.42
54.6
64.3
40.13
9.26
159.51
9.56
15.7
43.07
151.06
21.56
148.83
27.41
30.0
89.8
34.85
74.34
29.72
28.52
30.53
12.56
13.48
18.6
14.85
34.2
85.85
13.92
83.76
74.54
29.62
19.33
29.73
11.19
10.5
30.96
34.45
21.87
12.68
31.55
17.04
46.62
14.44
13.04
46.72
149.85
84.17
23.76
13.72
26.48
125.28
19.93
21.71
21.57
19.02
113.7
93.65
25.09
22.6
27.38
84.1
72.96
61.76
52.59
35.17
98.08
12.58
21.77
9.63
58.38
23.22
26.84
35.35
67.84
45.5
59.57
49.4
10.9
26.84
25.13
138.8
18.63
124.73
14.78
16.46
22.97
37.97
22.17
148.58
38.37
10.26
31.15
29.89
35.71
11.94
94.8
28.68
79.64
103.87
15.84
20.33
23.76
86.35
39.86
14.23
18.52
148.41
15.44
54.54
21.52
157.2
32.47
28.54
138.9
77.45
20.3
60.54
28.46
18.68
13.52
50.52
29.29
34.49
98.6
155.13
7.39
19.63
15.67
42.72
24.88
29.85
28.65
37.36
87.08
13.74
27.2
19.06
43.77
38.56
58.17
17.1
28.51
24.86
20.52
15.82
154.33
17.26
34.1
17.95
16.95
42.24
17.26
56.31
19.97
48.94
27.95
10.82
126.66
74.28
8.95
84.38
86.51
75.59
26.2
99.26
18.35
100.21
23.02
15.51
83.39
14.19
60.25
142.65
14.42
12.43
22.0
36.82
22.48
16.31
68.01
10.57
15.65
154.13
14.7
25.99
45.51
20.74
58.51
11.53
29.73
123.67
10.78
13.28
13.05
14.5
19.23
25.67
34.44
28.21
138.52
36.3
38.41
37.47
41.22
75.78
50.19
43.91
33.51
25.77
113.94
71.06
39.16
24.11
55.65
50.42
34.86
68.05
72.73
75.66
216.49
36.65
72.64
16.34
19.83
15.2
8.48
13.77
36.9
34.19
26.31
14.46
26.72
85.56
23.98
109.02
35.49
20.72
68.26
23.07
18.13
152.53
49.56
14.52
35.36
10.27
94.23
142.86
59.47
103.63
15.05
21.83
15.38
20.8
107.9
39.33
129.04
42.83
9.87
26.96
19.35
37.18
52.65
10.29
16.49
48.21
68.44
9.18
125.04
31.54
87.76
32.31
32.95
83.93
43.95
53.54
89.36
18.69
16.61
39.5
23.12
41.56
82.88
12.0
20.01
27.03
67.66
81.97
12.56
18.76
53.94
18.04
139.89
15.4
38.79
24.73
122.87
27.5
32.8
11.42
19.37
24.49
22.46
70.7
92.01
52.4
15.98
9.22
82.2
77.93
52.82
13.31
24.79
31.36
86.81
60.48
10.09
17.2
79.9
93.5
22.4
52.81
35.65
27.07
128.54
109.56
14.22
34.9
97.83
28.63
16.74
38.23
26.89
24.63
25.33
123.24
16.46
40.7
80.8
13.89
8.49
12.33
17.75
111.7
33.1
38.06
142.17
53.98
22.01
56.84
25.25
47.31
30.62
23.03
9.29
21.9
13.43
115.37
24.0
75.53
18.88
16.42
17.11
28.84
7.99
26.25
26.91
31.47
39.59
120.59
12.64
134.9
17.69
52.67
21.91
26.17
17.76
38.41
42.28
21.19
20.72
36.72
19.26
38.94
11.65
11.5
8.83
16.65
40.28
11.98
62.09
125.34
36.01
8.12
8.84
48.45
60.06
111.34
20.35
10.31
30.15
25.91
112.37
19.24
8.99
16.87
24.51
30.42
16.0
30.67
96.92
20.81
94.23
132.28
30.03
36.72
46.06
53.19
13.38
31.06
128.43
28.14
60.2
14.03
52.89
42.02
91.98
23.59
46.77
112.91
7.67
58.7
52.88
11.77
27.65
30.7
21.14
23.32
12.73
136.01
31.13
7.91
10.56
15.09
12.9
74.06
37.73
46.7
40.5
12.63
110.05
92.54
21.16
17.34
27.29
72.84
53.91
40.4
85.5
149.44
20.2
64.64
25.94
74.19
13.17
40.62
11.77
6.16
81.17
99.73
88.23
85.94
43.62
133.82
73.32
10.33
42.84
136.16
33.81
37.66
8.53
27.44
15.78
16.07
33.24
59.5
42.43
26.7
19.14
70.53
19.62
119.61
83.36
59.59
20.16
15.59
39.44
59.51
88.86
31.97
139.56
119.42
30.31
41.47
135.69
34.55
12.26
31.98
48.4
21.73
122.16
27.52
38.87
38.75
32.25
81.15
119.77
17.36
101.82
45.57
10.85
13.96
21.59
18.88
26.63
78.92
18.46
14.41
23.69
10.37
9.58
58.0
126.79
27.54
30.28
35.57
80.64
22.56
91.37
58.74
21.96
71.09
106.8
97.54
33.6
17.56
47.54
23.56
103.79
58.72
126.3
81.76
20.76
39.79
26.65
24.4
16.28
31.97
30.44
147.56
124.75
57.45
49.13
41.21
10.31
80.35
12.11
55.15
34.02
83.9
27.41
15.58
33.83
21.76
20.75
27.84
19.85
30.06
26.3
79.01
19.32
26.1
33.94
92.75
30.42
36.67
26.36
18.11
35.12
16.85
88.31
105.01
84.22
31.99
36.85
35.72
124.35
13.89
19.16
97.46
9.97
11.18
12.91
57.82
9.37
21.16
152.51
30.11
31.15
57.13
17.6
38.69
51.28
119.56
10.26
55.28
59.15
43.97
14.59
47.02
35.43
39.37
35.6
35.21
25.07
70.01
32.06
38.25
59.37
174.9
11.36
70.87
13.96
96.43
32.76
24.26
12.83
52.71
62.93
138.69
67.27
55.29
46.76
42.46
21.55
8.96
12.18
37.24
33.52
34.18
139.21
105.31
17.3
63.65
14.4
44.84
14.74
59.47
58.16
21.37
127.81
63.87
57.33
37.54
93.48
58.15
113.52
21.01
125.97
95.33
16.23
90.23
11.29
16.07
26.11
46.74
11.53
71.12
103.53
12.73
62.24
119.76
31.86
19.96
21.33
12.55
35.02
125.01
15.48
64.68
60.99
43.11
39.32
33.47
65.17
28.39
102.02
48.05
15.13
11.49
17.89
69.9
73.93
11.63
34.67
76.47
46.84
19.12
25.86
28.84
25.09
73.2
38.65
10.87
10.31
8.83
41.55
9.93
17.33
127.35
110.1
49.27
15.69
15.9
15.9
10.91
19.9
38.18
8.38
20.78
10.66
51.92
18.83
19.1
35.44
33.32
131.8
68.54
46.82
28.58
65.78
34.73
10.31
70.96
40.87
140.85
30.51
22.65
24.19
10.58
63.12
43.7
9.87
21.2
109.55
48.54
24.6
39.52
111.05
43.18
78.56
114.96
33.83
92.17
40.56
22.77
141.24
36.33
101.22
9.91
52.69
60.39
48.44
59.11
23.2
29.28
144.07
16.57
94.85
91.0
130.78
9.64
101.6
145.11
81.93
24.45
114.81
22.63
17.75
9.82
88.28
16.6
53.91
82.05
117.62
102.97
14.24
73.92
9.55
15.77
47.68
44.78
13.96
57.9
18.95
10.49
16.99
13.15
23.0
60.82
104.99
19.74
13.64
160.31
77.48
14.16
26.77
28.27
25.79
23.5
91.73
110.44
54.71
69.75
52.59
21.81
8.76
53.56
19.88
45.96
45.6
45.44
147.36
31.66
35.7
70.35
34.57
67.28
41.52
28.94
140.22
13.97
28.46
26.23
21.76
130.08
139.07
27.21
143.54
102.85
116.62
26.99
141.67
44.66
20.34
105.44
89.49
137.08
49.31
23.96
40.29
48.06
12.47
20.24
132.96
14.55
17.7
30.77
131.7
150.73
21.45
63.63
65.07
18.24
15.78
65.3
25.43
36.77
137.78
10.66
74.96
47.32
63.36
55.1
66.44
24.06
16.15
29.79
84.33
41.27
34.96
8.9
35.83
49.58
13.72
84.17
12.46
12.38
145.89
15.76
95.28
18.67
29.09
29.58
39.25
19.15
157.11
45.71
8.62
8.68
8.52
78.5
53.0
26.41
79.12
91.97
34.15
113.41
87.7
17.64
74.92
10.55
53.57
11.4
48.04
131.6
57.65
86.86
82.95
37.83
123.46
34.91
71.37
124.94
16.78
8.84
31.48
43.41
52.59
38.34
37.67
59.3
24.68
38.12
12.2
44.57
37.45
42.47
91.44
17.71
18.4
34.08
42.06
20.2
17.55
14.03
23.17
7.79
11.72
23.77
92.28
30.84
83.6
11.29
23.74
116.83
10.87
120.21
69.36
28.67
24.57
12.34
7.33
120.69
114.39
116.57
18.58
19.47
31.82
9.64
66.11
32.61
105.2
89.14
11.9
71.15
40.03
64.08
34.26
64.73
30.31
55.4
99.82
46.2
71.83
89.3
41.13
117.52
53.36
21.57
22.05
110.44
10.01
136.45
17.81
66.81
33.49
9.1
16.94
30.87
119.58
22.48
24.9
17.45
130.85
30.77
34.7
16.56
32.49
28.95
32.38
118.22
25.01
25.34
140.5
107.37
124.97
15.06
22.53
28.68
62.16
82.11
51.48
24.73
22.11
106.5
118.15
19.85
20.03
140.58
46.31
72.15
54.03
119.91
34.4
29.9
55.31
128.07
25.56
14.62
30.11
32.38
17.9
22.21
139.27
55.5
49.98
18.57
13.92
81.15
31.82
29.12
88.64
46.3
28.29
17.1
32.31
33.18
13.65
16.33
24.6
22.0
36.4
20.95
27.83
38.37
20.15
16.08
26.52
95.27
26.79
14.23
69.61
61.55
40.23
10.13
24.55
131.8
28.22
9.54
11.13
29.68
37.65
113.7
96.21
113.13
126.03
10.45
71.98
9.55
63.08
81.88
10.17
21.97
54.05
47.17
19.74
16.05
40.76
67.33
22.59
29.47
135.48
17.86
10.05
127.14
103.17
21.5
30.17
20.73
54.01
71.74
115.71
21.73
22.23
19.85
22.76
41.59
70.81
30.58
38.6
20.09
86.02
66.35
24.0
34.12
29.68
10.87
26.7
86.65
72.51
124.46
120.56
58.87
47.56
19.36
16.07
21.5
18.64
21.61
8.91
87.38
29.73
22.26
108.68
109.15
90.39
47.22
24.21
41.44
20.06
35.9
109.84
34.81
22.83
10.39
63.49
10.44
25.9
63.57
17.01
45.39
15.79
16.24
75.0
9.75
102.9
18.17
37.29
87.27
99.86
12.0
67.35
21.45
28.29
20.84
69.85
22.92
58.17
21.98
14.19
28.13
94.07
38.85
58.33
42.73
9.77
78.72
108.52
125.1
78.03
51.05
32.56
49.48
19.73
17.43
18.5
35.79
24.58
73.19
105.94
35.36
21.73
27.47
15.15
43.62
67.21
60.49
31.05
24.31
22.66
23.93
133.83
123.24
85.28
33.44
100.99
10.35
91.89
42.46
26.59
57.18
9.16
89.89
77.79
125.34
53.58
36.46
51.8
89.58
9.01
79.82
28.03
24.38
124.31
74.62
18.44
94.45
76.55
33.64
109.94
131.06
116.8
32.99
101.98
20.72
41.18
93.58
27.02
8.34
76.37
13.81
32.09
22.27
39.32
70.82
48.59
44.15
13.72
41.95
48.77
140.81
22.33
10.78
37.64
12.37
115.35
81.31
36.73
10.79
11.81
127.42
131.46
17.4
30.87
58.2
33.23
51.44
14.99
31.7
112.56
118.87
65.16
125.17
9.72
89.64
25.5
112.53
33.71
113.56
27.92
48.25
118.45
75.98
38.17
53.79
108.19
9.73
73.08
66.61
103.88
9.65
7.12
77.72
124.94
67.35
44.37
14.18
53.4
52.87
27.43
19.18
16.95
21.9
106.32
126.27
118.37
135.58
136.3
24.5
73.18
28.0
7.71
53.35
37.12
29.76
29.86
93.02
106.07
123.0
82.56
131.89
90.14
79.4
53.82
9.73
13.11
28.41
17.36
13.91
10.08
74.95
119.53
124.43
20.66
82.66
97.39
14.25
9.71
24.73
106.74
61.02
49.19
46.87
57.15
62.45
122.92
23.92
18.33
37.9
78.93
28.83
78.53
38.45
21.85
113.92
26.95
33.94
10.35
53.74
57.78
75.97
69.62
39.28
12.57
59.58
37.03
10.05
69.25
110.7
33.87
16.43
118.11
106.32
117.16
21.24
85.89
39.75
74.61
28.29
59.17
76.53
37.2
105.55
141.0
30.83
75.67
62.23
98.65
31.37
72.91
11.49
64.97
43.66
55.05
13.92
94.13
33.26
90.95
10.4
9.41
62.91
50.31
28.3
80.77
136.6
71.83
72.22
122.87
116.46
102.71
120.89
15.38
18.19
100.49
21.12
27.75
46.63
15.51
28.94
62.07
50.24
24.36
106.07
28.72
10.87
23.62
28.88
12.7
12.84
54.36
71.79
38.25
41.0
114.5
138.21
54.66
85.12
11.49
15.0
17.01
20.68
83.24
88.7
16.0
37.51
88.37
52.43
116.06
19.46
56.11
9.98
38.1
76.14
165.62
121.53
47.38
20.67
60.92
40.91
155.62
64.78
81.31
30.54
6.3
104.95
25.68
33.79
10.2
22.25
12.67
21.83
127.58
45.85
19.85
27.39
102.1
91.26
63.36
65.48
102.31
17.39
36.12
41.03
18.54
32.35
23.9
32.55
7.08
20.74
71.19
63.37
125.54
49.02
40.53
25.54
12.78
120.85
3.9
21.89
19.72
28.71
33.33
78.51
34.93
23.49
61.62
90.47
25.06
122.7
28.41
117.89
136.99
46.25
128.73
11.85
38.93
18.32
9.53
24.75
13.42
10.15
76.07
23.73
14.27
41.04
149.46
79.45
45.22
14.51
18.91
17.45
21.26
23.41
29.81
83.41
119.98
13.63
73.87
30.79
129.88
50.38
63.2
106.8
10.36
71.1
125.0
38.49
74.42
20.64
9.35
60.17
45.44
40.63
48.67
31.82
27.24
21.16
143.1
103.37
16.23
88.62
122.86
143.38
17.24
12.99
115.41
43.91
45.39
116.01
43.17
19.7
84.56
91.69
83.9
11.59
36.27
24.47
13.39
25.38
68.47
71.11
24.65
39.4
22.21
22.69
12.66
65.82
33.87
9.79
9.95
102.82
97.21
33.06
67.99
27.89
7.66
15.23
14.7
34.34
119.91
9.51
10.34
52.13
23.56
22.3
79.97
12.84
127.72
9.35
16.62
22.91
21.77
38.65
35.96
13.6
23.38
30.36
34.89
26.82
70.8
28.82
138.73
93.59
56.87
52.78
87.76
46.58
17.64
47.98
15.77
128.17
39.91
24.23
19.73
23.17
9.69
121.19
51.05
26.56
43.61
41.81
19.74
19.58
8.69
74.88
61.59
13.09
18.21
127.63
20.48
27.52
20.79
52.86
61.68
11.06
30.79
98.62
96.84
28.29
32.06
44.54
25.48
20.77
92.42
72.85
10.51
15.84
54.55
23.17
25.52
66.38
29.95
13.72
142.36
19.56
73.02
27.89
17.38
31.48
26.81
32.66
19.7
80.62
42.56
42.87
46.41
9.47
12.9
11.77
41.95
29.49
128.75
80.54
16.63
12.68
22.95
69.33
44.42
31.39
10.38
32.96
11.52
80.39
112.66
9.48
54.38
24.09
20.93
15.32
77.32
9.96
14.18
35.48
20.72
16.55
9.08
10.99
20.95
20.72
90.17
9.45
43.04
29.99
13.73
79.08
107.44
19.31
115.97
13.11
102.81
118.03
26.78
71.29
16.69
8.68
57.9
16.54
123.53
12.17
86.76
9.7
51.47
61.16
74.5
33.15
18.45
34.92
33.9
21.18
10.94
23.74
25.77
50.74
36.08
40.01
73.73
135.39
67.5
19.52
11.24
47.89
44.27
11.62
108.97
65.84
29.76
37.36
17.65
44.99
76.94
40.78
124.65
58.87
106.5
16.44
60.73
40.3
136.71
143.62
90.22
123.0
50.6
29.68
69.87
45.47
9.87
51.46
20.58
28.45
49.85
16.62
30.01
136.46
31.78
16.83
58.98
112.05
22.19
35.6
97.98
19.03
27.14
14.09
26.18
78.52
26.94
24.63
38.41
34.88
73.73
27.87
13.3
80.89
32.95
27.39
90.7
11.58
21.45
72.45
100.09
115.24
32.78
76.62
27.85
51.01
28.0
98.97
37.28
110.25
18.74
15.77
13.72
136.3
14.57
40.68
57.06
87.03
51.36
99.42
8.89
90.03
70.77
44.09
125.37
10.33
17.57
98.62
16.4
32.9
28.76
23.11
78.21
19.94
28.08
88.12
30.39
85.55
10.88
24.87
110.7
12.29
21.42
67.56
9.42
25.24
75.44
12.21
19.97
36.05
59.2
103.53
92.06
36.87
68.69
35.59
26.36
96.15
49.87
83.47
26.65
127.28
22.06
99.53
87.05
125.29
21.01
12.43
16.79
31.71
111.74
27.52
126.82
42.95
113.35
21.85
12.96
33.11
47.7
36.33
80.78
57.77
130.71
19.9
11.01
10.29
16.15
10.98
17.58
94.71
16.95
41.6
124.15
80.23
103.54
9.49
14.33
142.9
106.49
10.07
31.04
40.29
33.65
59.4
22.89
27.7
133.11
27.75
35.57
27.78
28.68
60.96
118.04
21.4
23.72
32.67
12.52
112.56
31.74
69.56
95.9
20.81
132.64
31.18
13.54
78.59
80.23
132.54
37.91
147.28
101.98
61.83
98.61
104.55
29.77
42.0
15.54
32.77
25.32
12.0
12.34
64.01
101.54
33.98
90.86
23.61
32.74
26.19
21.81
27.05
77.04
39.03
18.91
8.31
11.87
17.53
65.94
35.66
23.27
58.83
103.94
62.78
109.15
47.26
28.18
24.42
16.16
29.0
26.59
116.15
65.51
22.96
44.48
106.92
58.36
27.21
33.3
131.18
13.7
103.92
16.08
114.4
122.54
19.77
93.4
14.07
116.8
13.25
53.92
64.71
25.82
78.87
21.37
82.63
84.84
16.96
30.98
114.27
45.99
26.18
146.52
85.79
78.15
9.48
26.15
77.78
50.03
129.04
34.19
39.11
11.9
91.83
31.75
79.45
98.67
57.19
107.99
48.54
24.43
84.03
51.2
19.79
74.81
66.77
8.64
11.08
25.37
46.51
46.69
19.61
14.55
47.78
8.48
43.06
82.95
114.91
11.14
19.47
85.65
113.68
17.02
109.53
45.08
55.29
10.99
15.62
34.03
13.3
24.94
17.53
27.2
99.51
63.14
24.54
73.71
40.83
75.31
23.91
56.8
26.63
84.89
16.32
32.93
8.31
85.16
71.74
92.65
43.25
126.1
18.13
19.49
22.77
116.96
71.14
48.17
27.63
27.55
21.44
27.77
24.7
78.38
46.38
75.69
94.31
24.21
142.56
28.24
22.99
71.1
29.24
21.59
109.87
117.11
19.13
19.13
16.11
67.82
12.13
20.79
115.66
19.87
81.36
39.11
32.05
23.15
14.67
31.91
75.47
148.94
58.42
121.91
30.43
113.47
30.37
22.79
129.53
71.09
70.65
93.27
140.88
9.25
55.65
9.41
63.27
94.4
140.59
77.87
112.26
58.99
113.08
63.77
50.82
113.15
24.39
52.81
22.74
97.46
47.24
16.26
49.45
91.33
107.88
97.14
53.52
48.37
41.5
25.29
19.05
10.36
19.72
41.88
73.61
15.88
93.66
109.9
74.61
21.71
16.51
30.0
16.73
95.41
47.88
127.26
13.27
8.82
94.42
74.21
50.08
22.13
32.72
58.89
42.64
33.51
89.73
88.17
27.92
14.64
31.0
55.65
63.28
77.45
120.52
83.02
50.54
36.42
18.92
28.26
16.45
30.04
72.75
16.13
36.18
45.01
80.97
60.02
84.66
42.28
16.84
18.21
4.74
18.39
76.84
16.47
51.22
77.86
33.36
23.42
9.44
118.99
15.97
102.39
91.42
24.9
35.88
42.73
56.78
65.12
24.51
21.02
14.32
50.85
23.06
121.0
116.19
20.94
123.9
70.57
64.96
24.92
72.64
56.71
53.67
86.07
31.74
24.83
67.36
50.38
129.2
29.61
96.02
105.46
125.21
20.08
27.9
108.28
7.2
80.81
131.46
136.33
37.46
21.08
78.49
31.04
22.25
37.0
12.16
122.03
111.22
71.52
31.24
47.75
70.56
15.47
121.1
104.99
28.3
77.11
42.54
22.33
27.31
66.89
11.92
22.03
30.12
40.45
117.55
23.22
10.95
18.78
108.7
27.93
90.79
26.4
7.83
9.42
90.8
118.3
25.89
77.02
27.71
73.41
20.33
34.01
22.52
65.18
114.65
38.36
29.28
57.76
69.37
20.44
14.65
14.86
23.09
52.06
82.66
36.29
19.14
8.67
33.55
32.55
34.79
14.03
42.87
23.65
77.3
41.75
24.87
95.07
58.58
16.11
8.47
76.27
31.31
22.85
46.58
22.23
8.68
14.23
79.27
44.42
18.22
73.29
18.17
56.73
9.51
28.3
50.63
17.06
27.1
95.71
40.92
10.06
141.78
23.66
16.8
20.6
27.74
38.01
25.07
115.86
106.76
46.02
81.95
26.26
62.64
110.96
64.57
25.85
99.76
34.97
24.76
32.05
113.82
120.72
17.03
21.96
129.7
47.05
137.88
58.11
131.73
113.37
57.96
73.22
52.08
11.9
28.68
60.11
28.61
28.41
26.6
9.44
26.54
23.19
27.47
91.41
15.18
9.79
72.32
9.33
44.69
71.0
24.11
93.3
71.92
20.21
66.09
112.27
48.01
108.22
65.08
14.34
22.8
24.94
99.42
36.81
72.6
136.92
28.1
10.63
69.37
56.25
23.53
25.43
122.42
103.73
26.45
29.47
66.62
124.4
42.43
10.66
112.8
26.69
28.16
81.03
97.66
83.25
59.54
22.92
76.26
21.59
113.07
35.88
88.85
85.64
35.05
85.21
108.9
75.71
26.33
78.76
44.25
26.21
71.13
30.46
107.6
27.86
66.82
66.06
17.67
8.87
60.73
42.7
21.8
94.48
43.08
10.18
124.62
8.25
38.73
20.22
13.25
53.28
60.73
29.38
11.52
37.8
88.96
72.76
43.99
35.34
94.72
28.28
31.32
62.7
81.2
134.82
52.06
14.27
6.16
120.54
21.51
67.08
11.48
14.78
29.54
29.92
27.57
9.66
67.83
129.11
56.44
15.96
115.27
76.3
19.46
40.93
49.95
28.57
134.77
49.02
131.83
59.33
23.22
36.13
42.86
100.17
127.71
18.39
19.47
122.93
121.07
42.86
37.59
115.32
115.98
10.59
58.52
44.66
30.05
22.51
12.34
16.65
19.39
58.61
43.47
99.44
78.24
37.2
115.56
103.46
23.52
26.37
36.47
11.81
16.83
55.89
139.49
100.42
14.78
22.18
15.73
37.53
40.67
32.09
31.35
122.8
28.17
122.84
120.54
26.96
53.13
49.46
114.77
112.47
58.02
26.33
56.87
34.79
148.93
9.54
13.72
22.79
30.5
85.06
141.52
114.37
37.7
105.18
30.19
23.32
121.03
26.55
17.7
14.3
118.65
12.94
47.79
71.99
20.24
115.97
21.43
24.2
96.06
47.42
21.52
40.39
31.83
5.54
90.41
22.05
17.51
11.45
45.68
40.51
91.0
40.02
20.9
40.03
120.59
43.59
34.06
111.9
37.2
115.91
11.98
51.69
12.04
25.45
135.53
93.69
14.78
32.86
9.98
28.05
13.48
25.56
116.69
113.22
17.21
25.44
45.94
153.13
52.22
18.43
14.42
30.98
102.94
18.86
8.99
54.82
56.33
74.42
15.98
84.32
143.2
34.47
22.65
8.27
17.04
31.3
20.76
45.42
11.7
94.55
11.37
11.35
11.64
10.7
139.26
19.5
27.96
12.96
28.68
87.28
89.5
129.62
109.38
115.15
25.64
44.1
98.4
31.61
126.89
44.51
11.81
146.71
107.04
60.44
143.24
120.44
58.19
105.74
30.91
28.35
20.14
87.75
76.48
18.04
78.39
17.35
96.5
25.77
29.03
16.16
124.07
44.15
42.26
112.69
11.61
116.82
43.47
48.2
103.05
80.96
103.35
81.35
76.84
22.7
103.68
10.73
25.67
18.6
41.83
92.63
14.7
43.95
12.2
135.25
30.6
64.14
17.39
16.77
37.45
81.33
49.04
72.02
24.78
44.71
67.9
30.33
87.39
58.11
24.71
22.16
99.75
33.17
9.22
82.2
106.65
21.67
123.65
26.09
12.99
132.25
88.15
120.85
130.84
43.9
33.54
89.21
23.92
21.84
39.55
51.03
20.13
122.57
34.57
73.15
12.77
18.98
107.73
30.61
97.37
12.42
54.91
42.96
90.38
66.06
123.55
33.34
16.68
20.33
83.12
10.47
117.63
120.03
16.65
14.27
13.95
75.72
56.06
138.57
38.92
10.53
128.22
65.56
27.01
33.44
18.99
32.23
22.94
87.83
21.4
18.69
78.68
13.78
22.57
31.36
162.53
19.1
47.8
10.51
19.63
9.66
9.27
54.64
10.92
46.16
54.9
20.43
12.37
9.47
32.8
50.83
49.88
46.84
44.17
126.18
28.44
82.23
12.59
110.65
66.83
126.46
31.69
15.67
84.27
120.33
119.66
42.77
27.69
121.07
38.78
90.24
76.96
85.87
100.64
105.64
127.81
60.93
12.95
26.93
40.27
29.45
18.79
27.34
122.36
25.45
36.01
95.13
137.61
40.23
11.41
11.56
60.61
20.3
20.07
61.69
121.52
105.05
125.9
41.77
18.04
143.38
44.47
32.84
138.21
112.82
44.47
43.74
47.3
100.8
92.86
11.21
15.67
13.38
101.42
10.07
16.74
119.18
22.2
116.22
25.79
40.37
40.01
9.9
9.46
38.23
124.57
38.1
69.58
77.44
89.81
70.13
63.68
28.52
19.3
19.71
132.69
49.2
25.37
69.45
129.73
75.17
36.72
77.87
71.15
64.0
38.55
23.51
41.28
23.91
59.38
28.05
121.77
26.5
43.12
87.87
13.9
39.21
142.7
83.21
12.69
22.92
27.75
27.24
116.62
80.79
113.99
145.65
14.6
115.04
12.96
13.4
34.99
28.02
43.85
16.83
31.14
130.74
51.4
117.36
33.26
41.19
62.28
156.85
96.58
126.25
20.05
28.54
142.92
81.83
130.61
167.23
73.39
170.51
131.92
28.29
80.41
30.21
145.39
25.41
29.59
37.82
20.91
134.68
109.4
44.7
88.56
150.74
36.28
19.1
127.89
44.36
112.41
26.18
34.9
29.86
60.16
150.28
96.75
25.29
129.99
19.15
25.52
18.96
14.95
31.16
93.5
68.5
117.74
16.82
24.48
153.17
35.27
36.11
77.09
57.34
78.16
99.59
100.01
45.08
109.18
43.63
98.59
18.94
21.76
34.43
75.91
13.96
28.68
49.89
75.54
39.19
120.87
37.41
41.83
86.06
59.49
24.21
10.5
12.07
20.65
74.77
132.02
145.54
75.68
122.17
76.91
40.73
130.51
135.3
11.64
31.35
18.58
40.39
16.29
137.46
91.57
20.43
42.16
101.44
20.23
89.78
96.54
76.54
35.93
88.48
108.6
56.06
12.21
106.3
30.77
19.95
28.22
21.49
37.69
30.72
77.23
137.24
13.82
29.57
11.86
115.8
44.31
19.07
55.1
8.32
58.12
31.62
23.06
103.04
62.76
140.44
16.94
10.96
111.7
18.62
136.29
70.73
73.7
98.38
158.61
20.41
129.56
18.03
15.72
67.38
72.35
107.8
128.2
89.51
39.26
30.32
145.7
11.86
40.2
92.98
31.98
14.51
138.12
35.86
79.33
10.97
121.13
132.06
25.57
53.9
36.85
72.74
31.68
13.04
94.63
54.21
98.41
112.04
47.1
36.68
38.52
60.46
97.31
15.09
80.36
21.9
171.07
106.52
60.24
9.29
121.93
19.59
12.42
101.8
140.26
17.91
134.06
43.79
143.81
78.13
63.73
77.25
34.67
122.48
53.11
47.0
17.65
106.5
108.43
48.9
75.17
31.62
115.87
14.09
10.3
24.28
22.9
12.37
126.27
52.73
25.58
75.7
95.81
104.94
122.62
106.75
83.76
10.35
78.08
12.58
40.17
24.28
24.43
123.39
11.83
49.96
105.81
54.97
21.31
143.25
24.3
17.5
29.47
9.54
64.17
26.16
117.69
42.54
28.61
98.91
131.75
106.55
13.78
14.28
29.32
125.54
61.12
90.72
102.39
102.0
76.17
144.47
114.45
109.7
123.45
120.62
110.74
11.43
31.17
103.12
83.43
85.43
60.36
152.23
95.08
62.06
35.62
93.38
37.04
73.55
55.32
24.99
68.55
131.92
67.5
24.89
5.03
42.24
87.41
12.51
27.91
126.36
16.02
20.49
20.53
25.26
112.83
113.05
39.08
23.52
78.12
102.96
30.34
9.89
21.69
19.23
95.56
26.22
76.18
84.72
37.38
107.94
13.56
69.04
10.29
12.64
20.07
33.67
60.74
9.25
23.04
69.92
11.42
103.17
12.18
28.28
111.34
105.54
119.5
89.51
10.5
26.59
54.75
22.78
60.59
133.43
12.43
89.3
88.05
29.95
18.77
129.17
17.7
57.46
121.73
47.53
31.26
55.9
131.96
70.49
128.0
24.43
28.01
103.31
10.89
19.52
128.2
12.1
26.08
33.69
28.6
119.3
8.37
28.64
114.07
17.98
37.44
19.33
22.21
27.15
15.06
31.1
18.08
96.93
39.0
117.88
126.2
95.1
46.71
90.1
13.74
117.09
46.42
116.12
12.67
36.32
33.15
91.29
119.28
10.43
57.92
29.58
104.46
31.89
47.83
121.04
90.64
72.64
13.35
83.83
16.64
132.98
30.1
60.96
45.82
13.14
123.6
28.88
20.73
9.33
31.81
88.96
92.72
125.15
23.02
88.65
48.21
42.95
112.08
84.88
34.03
52.64
23.07
17.72
16.27
72.65
94.65
35.03
25.86
116.25
116.35
40.75
27.98
118.09
28.12
124.22
27.61
18.5
58.44
75.86
112.68
112.67
113.78
67.64
85.48
122.95
96.24
139.3
132.14
29.44
30.55
120.48
37.27
35.88
25.03
95.32
125.02
22.29
92.31
25.13
43.63
61.59
47.37
31.84
144.71
103.45
31.55
82.75
55.72
25.78
44.95
120.15
13.68
133.73
64.6
15.99
38.8
58.06
12.18
35.5
54.1
95.25
115.29
35.72
64.99
116.31
12.16
128.01
52.6
21.68
85.98
101.51
95.66
29.48
40.43
84.79
85.29
25.9
73.12
112.28
62.57
97.44
77.4
20.33
53.65
54.26
62.68
64.3
129.97
63.13
23.98
130.35
17.37
76.11
13.35
50.21
21.73
27.73
66.12
52.8
73.63
113.83
25.73
120.62
96.4
140.43
125.44
122.61
133.88
82.6
119.21
58.23
123.83
106.61
74.95
59.91
140.29
104.82
93.22
104.15
147.22
10.59
44.57
54.85
136.37
125.05
58.37
21.64
74.93
118.48
116.11
11.59
48.56
10.4
38.64
12.44
95.72
58.47
32.87
92.14
41.77
137.21
27.7
39.24
88.6
94.88
56.87
28.35
37.8
36.21
104.62
43.92
9.3
64.67
30.41
92.7
120.74
81.35
10.54
66.64
14.6
50.37
10.1
31.17
28.72
18.06
51.43
51.75
82.18
121.02
22.09
61.39
47.29
80.49
46.16
26.22
17.62
16.59
17.8
58.85
94.25
86.15
35.16
57.88
17.19
13.5
24.53
16.76
19.39
33.72
115.07
12.13
78.39
17.2
105.95
11.08
43.9
132.06
125.74
93.31
8.48
12.66
9.0
23.46
9.27
57.16
29.46
77.76
15.78
31.17
65.14
30.98
61.24
33.3
15.5
43.17
48.18
121.32
98.16
110.13
133.86
117.25
10.25
26.69
28.79
38.51
25.2
130.3
128.01
20.78
23.25
17.59
105.97
49.48
10.07
71.93
9.07
42.76
25.83
20.01
113.5
149.16
38.84
29.97
15.68
16.91
29.28
26.64
39.62
61.84
57.65
121.59
71.03
58.35
37.38
23.18
98.22
103.33
60.42
28.17
10.23
11.27
31.28
83.9
10.93
12.18
17.55
22.48
67.32
12.0
94.16
22.79
70.76
32.87
19.5
84.55
36.27
18.49
26.18
27.35
78.47
21.13
101.8
153.46
18.1
46.06
130.36
122.54
33.15
36.81
75.98
29.5
8.49
23.65
40.17
74.56
42.43
62.55
28.08
110.62
19.84
35.06
19.64
29.1
43.93
26.05
67.01
105.43
48.63
40.13
31.0
68.82
24.22
31.51
33.42
12.19
43.54
13.11
23.49
94.38
