22.07
17.17
8.21
12.69
14.52
72.59
30.02
11.89
16.15
46.35
96.1
17.39
16.96
72.47
24.73
16.37
53.7
26.78
63.05
19.63
27.0
28.38
13.71
19.23
11.87
13.12
83.89
52.6
25.61
13.52
46.66
5.45
209.98
162.66
139.77
42.47
124.04
209.1
95.69
5.37
28.5
49.8
54.25
5.3
210.36
210.01
210.02
207.19
210.04
51.34
122.34
210.67
211.81
211.64
209.57
211.19
118.7
209.53
210.87
205.28
210.19
195.22
10.86
165.98
21.23
36.91
200.13
209.69
210.18
205.1
209.89
211.73
65.13
209.88
210.93
210.52
211.07
172.88
32.4
205.3
210.12
210.59
