-376.0
-266.0
-250.0
-230.0
-295.0
-925.0
-449.0
-215.0
-267.0
-615.0
-1238.0
-289.0
-329.0
-895.0
-345.0
-213.0
-745.0
-447.0
-906.0
-318.0
-328.0
-368.0
-222.0
-258.0
-252.0
-188.0
-1211.0
-451.0
-221.0
-161.0
-332.0
-119.0
-1073.0
-947.0
-803.0
-303.0
-718.0
-1063.0
-576.0
-119.0
-247.0
-349.0
-369.0
-119.0
-1080.0
-1098.0
-1082.0
-1152.0
-1070.0
-350.0
-699.0
-1070.0
-1093.0
-1079.0
-1077.0
-1066.0
-706.0
-1090.0
-1082.0
-1126.0
-1086.0
-1242.0
-210.0
-2539.0
-213.0
-381.0
-1135.0
-1065.0
-1058.0
-1082.0
-1061.0
-1064.0
-423.0
-1135.0
-1072.0
-1082.0
-1084.0
-1005.0
-254.0
-1064.0
-1067.0
-1081.0
