76.13
31.46
30.58
30.37
14.91
10.95
37.88
28.07
22.39
11.18
20.32
36.4
26.87
18.67
20.86
101.79
9.55
37.46
16.75
12.34
24.6
16.83
48.14
15.96
13.16
20.24
26.59
33.5
19.15
11.09
63.93
16.46
13.52
40.1
19.3
15.07
9.2
75.13
10.07
18.05
37.54
25.69
11.2
33.59
24.4
36.47
23.32
22.9
69.51
11.63
22.78
7.94
10.9
18.73
8.98
15.89
9.7
29.23
14.85
17.19
43.96
19.76
9.23
9.73
14.12
18.77
13.63
12.41
19.96
7.85
17.47
9.62
17.3
8.4
34.04
30.71
18.32
11.52
17.44
22.51
14.29
18.66
52.27
26.72
20.0
21.65
44.1
153.07
18.33
45.02
23.61
16.03
46.25
21.29
235.69
54.29
29.79
18.61
32.17
215.51
26.8
21.78
24.99
29.79
23.24
218.29
35.99
28.71
165.8
15.05
37.48
33.08
40.01
22.07
104.67
226.27
52.61
397.65
74.58
24.53
65.01
38.48
17.08
35.16
95.29
19.8
24.84
62.87
96.03
12.46
160.03
25.61
276.29
89.52
119.73
185.76
117.48
38.16
11.3
166.43
15.47
167.25
43.34
84.74
11.76
42.59
84.89
12.48
20.39
34.76
9.44
79.62
111.34
50.91
17.4
74.95
36.03
15.79
31.87
32.72
12.07
36.56
64.86
63.79
19.4
33.17
40.31
39.54
10.07
37.86
59.02
115.66
38.22
30.83
19.26
19.26
15.27
22.53
15.54
7.39
26.71
34.54
103.48
58.06
21.44
57.92
69.22
37.65
15.61
40.74
28.9
12.21
28.19
50.44
34.97
109.78
20.42
94.66
22.99
16.58
77.54
27.71
33.2
45.29
28.97
21.78
14.1
10.29
22.76
19.56
44.17
25.02
104.64
15.92
15.58
38.5
36.62
41.66
29.2
8.51
22.85
132.5
40.14
31.89
30.6
81.64
45.17
89.95
91.47
48.98
29.68
150.69
31.7
38.59
30.07
30.19
38.08
13.19
168.56
18.15
57.93
105.14
37.37
12.33
17.2
44.42
32.95
92.89
32.87
26.07
61.14
99.43
29.15
98.37
38.21
44.87
21.03
41.16
38.75
12.9
33.15
20.93
34.09
14.44
39.09
140.25
41.04
54.25
14.79
20.65
62.06
28.89
20.59
40.58
25.79
10.94
43.55
20.84
20.24
23.26
26.48
141.17
51.03
39.77
56.49
20.27
19.72
112.6
44.44
23.82
78.27
74.41
23.68
110.48
82.85
38.58
36.45
18.29
20.82
10.55
83.83
73.3
34.01
21.17
76.47
34.4
12.42
98.52
27.1
15.05
27.24
36.33
41.7
18.87
12.07
50.28
22.75
9.27
21.67
11.6
42.15
81.87
40.15
15.59
20.57
31.74
81.35
51.11
25.06
21.09
14.51
45.95
21.44
35.09
14.28
20.0
8.98
36.65
16.72
17.15
43.76
25.32
43.9
88.38
14.09
18.21
10.49
29.33
19.97
35.76
53.7
29.37
19.16
36.71
12.39
22.08
26.5
28.63
33.09
44.93
32.11
10.59
28.09
26.27
27.16
147.26
37.92
90.91
23.36
15.83
34.26
34.93
82.97
12.2
26.84
49.17
24.48
17.47
39.7
30.65
41.63
15.62
16.08
20.67
135.09
36.74
31.73
30.02
17.35
20.38
24.22
39.18
89.37
47.92
81.44
41.85
9.49
14.15
100.29
98.46
29.5
24.88
15.23
73.6
11.22
25.05
27.61
38.24
39.36
40.22
73.84
66.95
22.48
15.57
26.54
17.87
154.47
24.63
62.5
35.74
38.42
22.72
32.93
21.99
20.15
28.53
19.45
16.51
55.54
21.78
98.55
21.23
79.88
42.97
17.36
87.61
51.93
75.18
58.9
28.37
87.04
139.74
35.56
56.05
9.74
23.9
53.06
40.88
81.82
44.2
37.32
19.32
30.13
64.18
49.84
20.47
88.51
37.06
37.76
134.23
46.35
24.54
13.33
18.06
75.82
30.47
9.06
84.19
62.42
80.67
24.48
20.17
88.83
16.71
17.03
26.28
49.14
15.49
15.12
42.76
116.74
25.76
24.73
36.42
20.5
38.91
65.52
31.61
13.37
14.73
23.88
30.94
30.37
39.22
14.1
41.52
38.87
38.57
18.04
28.49
76.83
28.55
40.6
21.79
42.72
31.99
45.45
31.92
30.21
27.1
60.81
26.3
39.99
54.16
32.14
178.78
107.56
25.63
