-61.0
-202.0
-238.0
-298.0
-181.0
-157.0
-197.0
-929.0
-89.0
-90.0
30.0
491.0
-165.0
11.0
-101.0
-56.0
-69.0
-126.0
-68.0
92.0
281.0
-44.0
287.0
36.0
385.0
-35.0
66.0
-78.0
-130.0
50.0
40.0
2.0
-10.0
-126.0
-39.0
88.0
137.0
340.0
-68.0
462.0
318.0
64.0
142.0
341.0
76.0
-107.0
599.0
-45.0
77.0
1.0
32.0
31.0
397.0
-49.0
244.0
59.0
49.0
191.0
-46.0
72.0
95.0
262.0
184.0
-80.0
118.0
-141.0
-56.0
104.0
41.0
622.0
-126.0
120.0
172.0
516.0
50.0
205.0
460.0
-1.0
40.0
315.0
-78.0
-108.0
367.0
-31.0
-155.0
14.0
-78.0
427.0
-13.0
125.0
-55.0
-90.0
-128.0
-47.0
-129.0
139.0
208.0
209.0
187.0
380.0
-29.0
446.0
10.0
146.0
-49.0
32.0
584.0
-118.0
135.0
128.0
58.0
40.0
337.0
-86.0
-134.0
60.0
-41.0
25.0
406.0
603.0
197.0
-15.0
557.0
266.0
295.0
541.0
-37.0
-83.0
21.0
-2.0
586.0
-70.0
-50.0
4.0
415.0
-139.0
-38.0
16.0
-10.0
-72.0
-125.0
-63.0
0.0
49.0
87.0
526.0
208.0
548.0
228.0
31.0
88.0
270.0
19.0
-44.0
132.0
-70.0
120.0
316.0
521.0
98.0
131.0
-12.0
-36.0
111.0
-130.0
39.0
48.0
505.0
-94.0
49.0
191.0
15.0
-83.0
-68.0
126.0
269.0
-76.0
0.0
-131.0
151.0
-80.0
-12.0
128.0
-88.0
-79.0
-140.0
185.0
-132.0
-156.0
310.0
34.0
57.0
-50.0
-38.0
15.0
-55.0
-111.0
170.0
-72.0
207.0
-114.0
401.0
95.0
-89.0
-133.0
-34.0
435.0
-60.0
132.0
-106.0
-82.0
-138.0
29.0
-149.0
-110.0
-105.0
-93.0
-56.0
-30.0
-58.0
-5.0
-154.0
-1.0
-81.0
-97.0
-4.0
-50.0
108.0
143.0
-48.0
298.0
-66.0
-239.0
-176.0
-120.0
622.0
52.0
-42.0
593.0
-3.0
-147.0
-62.0
-69.0
176.0
-180.0
9.0
-48.0
-122.0
164.0
-49.0
113.0
55.0
-134.0
-39.0
13.0
-85.0
-52.0
-125.0
53.0
-100.0
-56.0
82.0
528.0
-90.0
-130.0
109.0
2.0
-130.0
-291.0
47.0
-31.0
90.0
127.0
156.0
-46.0
509.0
405.0
-30.0
-93.0
15.0
-104.0
-129.0
68.0
-141.0
-51.0
-19.0
-58.0
39.0
-57.0
-13.0
-150.0
-36.0
-63.0
586.0
-28.0
-184.0
-66.0
191.0
106.0
-38.0
-108.0
-51.0
26.0
90.0
113.0
-115.0
-19.0
-69.0
20.0
-32.0
6.0
61.0
-180.0
-92.0
103.0
-23.0
-67.0
39.0
215.0
-793.0
-111.0
-19.0
-164.0
53.0
250.0
-72.0
1.0
-294.0
70.0
-214.0
-22.0
74.0
-7.0
-94.0
-147.0
334.0
-148.0
14.0
43.0
72.0
-159.0
555.0
64.0
149.0
-33.0
-56.0
-40.0
43.0
-61.0
234.0
335.0
-134.0
111.0
-8.0
59.0
42.0
35.0
-39.0
65.0
355.0
39.0
159.0
-118.0
-103.0
332.0
-13.0
-70.0
-30.0
-305.0
-155.0
151.0
-66.0
-79.0
-257.0
-29.0
414.0
-41.0
1.0
76.0
-94.0
-89.0
-36.0
282.0
-187.0
-13.0
58.0
15.0
-15.0
-73.0
-181.0
-71.0
83.0
-193.0
-290.0
66.0
-19.0
-273.0
-34.0
-109.0
-15.0
-138.0
-117.0
-72.0
-239.0
-108.0
-295.0
-158.0
-100.0
6.0
122.0
-132.0
-6.0
135.0
84.0
35.0
245.0
-83.0
-150.0
-81.0
23.0
-130.0
-36.0
-95.0
-157.0
-294.0
-110.0
42.0
-68.0
-130.0
-49.0
-137.0
-169.0
23.0
-33.0
-66.0
-15.0
-31.0
257.0
-137.0
-33.0
-74.0
-70.0
13.0
-244.0
-137.0
-132.0
-127.0
-262.0
-99.0
33.0
325.0
-103.0
32.0
-49.0
-144.0
16.0
-50.0
-22.0
-144.0
135.0
78.0
2.0
158.0
147.0
21.0
104.0
-64.0
-163.0
284.0
-151.0
99.0
-142.0
104.0
120.0
27.0
-144.0
-140.0
105.0
-6.0
105.0
81.0
-53.0
-64.0
66.0
-113.0
-150.0
-94.0
121.0
-4.26325641456e-14
-137.0
76.0
70.0
-124.0
-97.0
-18.0
47.0
-93.0
73.0
34.0
170.0
87.0
202.0
-82.0
56.0
304.0
35.0
131.0
162.0
40.0
-84.0
580.0
-66.0
208.0
-30.0
-88.0
-51.0
-106.0
-13.0
26.0
-142.0
29.0
1.0
-56.0
384.0
55.0
-93.0
233.0
179.0
63.0
-174.0
-69.0
-206.0
-106.0
578.0
-44.0
433.0
-9.0
97.0
-151.0
55.0
424.0
191.0
305.0
-110.0
81.0
-102.0
-62.0
-57.0
294.0
24.0
-49.0
-37.0
-158.0
-126.0
608.0
-17.0
194.0
10.0
-53.0
14.0
-45.0
-38.0
-102.0
7.0
-54.0
276.0
-12.0
29.0
-33.0
50.0
-21.0
-134.0
254.0
7.0
266.0
153.0
47.0
-48.0
-129.0
-213.0
89.0
313.0
181.0
154.0
-6.0
76.0
35.0
29.0
-62.0
555.0
163.0
-63.0
110.0
120.0
181.0
8.0
-56.0
3.0
392.0
-39.0
-54.0
420.0
168.0
29.0
125.0
-38.0
94.0
-30.0
-72.0
-167.0
-50.0
65.0
-58.0
248.0
13.0
-100.0
506.0
36.0
40.0
-24.0
-41.0
-101.0
65.0
231.0
-63.0
30.0
83.0
-72.0
123.0
-110.0
236.0
58.0
-62.0
473.0
40.0
-62.0
-2.0
22.0
-21.0
-54.0
-86.0
-124.0
437.0
83.0
-132.0
-106.0
-106.0
-5.0
472.0
-31.0
-7.0
-100.0
-327.0
-53.0
-100.0
-90.0
-146.0
-23.0
142.0
-32.0
78.0
53.0
-47.0
141.0
323.0
2.0
420.0
184.0
-43.0
441.0
-127.0
-71.0
-168.0
-145.0
-68.0
-127.0
43.0
-216.0
-96.0
-315.0
-64.0
13.0
-54.0
-24.0
-51.0
-41.0
-101.0
-68.0
-138.0
-200.0
-74.0
5.0
-52.0
-66.0
16.0
-98.0
22.0
33.0
42.0
422.0
-90.0
16.0
390.0
-73.0
-10.0
176.0
-148.0
-113.0
-15.0
55.0
193.0
-35.0
-84.0
50.0
-424.0
19.0
-40.0
-14.0
-205.0
-152.0
-64.0
-208.0
-176.0
496.0
-172.0
-78.0
50.0
252.0
518.0
24.0
115.0
105.0
-26.0
327.0
-166.0
288.0
146.0
-49.0
132.0
-53.0
-107.0
113.0
-54.0
490.0
141.0
456.0
329.0
61.0
427.0
-27.0
-138.0
-133.0
188.0
-25.0
326.0
-148.0
78.0
-40.0
-166.0
467.0
-108.0
-42.0
-79.0
-130.0
-1.0
21.0
119.0
186.0
-20.0
-43.0
-143.0
-137.0
264.0
30.0
397.0
39.0
-90.0
38.0
-121.0
-193.0
-104.0
-100.0
-148.0
103.0
-129.0
11.0
-81.0
-23.0
119.0
-106.0
2.0
241.0
70.0
27.0
-34.0
-114.0
18.0
-56.0
0.0
199.0
238.0
-147.0
396.0
123.0
-71.0
158.0
99.0
56.0
-47.0
349.0
-21.0
260.0
342.0
490.0
-123.0
-44.0
-105.0
-87.0
394.0
-101.0
-177.0
-21.0
56.0
121.0
422.0
51.0
6.0
-101.0
-69.0
186.0
-85.0
216.0
-90.0
-69.0
-7.0
118.0
-148.0
-91.0
-50.0
-126.0
-99.0
60.0
141.0
216.0
-53.0
-53.0
124.0
-113.0
-135.0
63.0
-78.0
58.0
361.0
130.0
-207.0
39.0
314.0
149.0
446.0
2.0
-119.0
-85.0
-64.0
-47.0
503.0
22.0
-31.0
-32.0
152.0
30.0
-75.0
-74.0
-53.0
174.0
80.0
1.0
134.0
-65.0
-11.0
17.0
-61.0
26.0
-121.0
44.0
-74.0
267.0
-48.0
71.0
147.0
336.0
-69.0
308.0
-115.0
-153.0
-113.0
-97.0
-118.0
-157.0
-154.0
-258.0
-78.0
-72.0
47.0
39.0
-92.0
-54.0
-164.0
444.0
-74.0
612.0
-23.0
390.0
-145.0
-172.0
72.0
-117.0
-42.0
-5.0
-166.0
180.0
-130.0
-36.0
-68.0
-39.0
-72.0
55.0
-90.0
-57.0
-45.0
-26.0
265.0
-70.0
44.0
-10.0
-151.0
-136.0
-41.0
-118.0
46.0
-227.0
-143.0
-227.0
-8.0
-76.0
112.0
-61.0
-67.0
-58.0
-76.0
114.0
-17.0
-125.0
-192.0
-41.0
151.0
-62.0
46.0
-66.0
-129.0
248.0
407.0
224.0
-41.0
-90.0
-40.0
-34.0
444.0
-72.0
12.0
-29.0
466.0
92.0
81.0
-8.0
-63.0
137.0
-69.0
105.0
178.0
-70.0
78.0
-100.0
167.0
-58.0
-135.0
-46.0
-39.0
-82.0
-15.0
325.0
-88.0
615.0
-108.0
89.0
-132.0
-70.0
-57.0
324.0
153.0
-96.0
