56.33
38.22
16.66
37.38
10.22
9.84
16.44
128.99
19.63
35.27
164.34
132.9
15.21
29.47
25.04
12.71
14.92
24.66
44.72
40.66
97.26
14.97
85.71
20.67
131.09
11.45
39.07
18.9
9.79
29.07
21.08
26.79
26.81
8.52
40.51
29.95
74.08
80.76
17.55
113.92
173.82
35.6
71.09
77.87
37.46
22.13
118.07
29.93
38.98
23.41
21.98
18.54
95.33
15.26
75.83
42.71
18.37
34.26
13.11
9.56
55.64
98.41
93.65
21.11
95.91
10.95
17.31
33.52
67.11
91.73
7.75
61.47
77.53
161.97
19.41
92.25
84.62
28.45
22.81
64.81
23.58
54.61
85.67
41.12
13.15
28.88
19.2
122.41
39.08
64.25
20.03
27.38
10.34
17.85
10.44
88.42
92.71
34.36
108.49
75.06
38.06
117.13
30.85
84.22
19.69
24.11
138.63
6.79
83.53
41.01
68.55
23.4
89.86
23.32
11.28
16.65
14.09
26.29
98.45
94.82
97.6
37.81
151.62
77.27
103.78
142.08
15.57
21.76
30.29
23.69
138.41
24.17
19.35
34.47
127.57
12.12
14.71
25.34
34.92
39.33
9.28
21.98
36.23
21.22
77.37
157.32
166.59
158.33
99.36
16.94
35.13
107.11
27.38
16.03
91.53
21.71
92.83
93.26
168.14
70.87
56.71
36.56
14.62
82.49
31.88
78.89
34.37
111.09
20.58
34.55
69.0
21.36
19.12
37.7
20.86
78.84
54.89
65.63
29.41
36.08
21.05
26.9
64.7
18.73
18.1
10.73
93.23
8.05
10.93
106.3
39.33
47.89
12.96
32.04
21.0
34.49
18.48
98.72
38.03
65.71
26.08
138.45
88.36
21.0
29.73
95.45
131.62
22.31
62.25
82.53
24.61
24.85
27.67
18.11
33.42
31.28
63.86
21.15
41.01
13.84
63.04
14.85
59.67
21.94
34.52
112.26
19.09
35.72
88.45
12.35
115.36
19.28
56.5
15.68
188.65
128.89
20.2
43.54
145.0
23.78
71.21
22.48
23.44
77.39
38.5
66.13
15.31
9.6
84.5
33.09
68.63
16.29
12.47
13.62
32.89
24.6
20.52
9.79
49.53
23.63
22.16
42.05
102.92
70.65
12.5
36.3
28.41
11.98
38.02
36.98
12.33
70.52
83.94
47.7
18.87
157.39
98.43
39.15
22.72
21.16
31.04
10.77
96.28
12.75
21.19
34.91
110.99
24.26
46.3
49.63
11.63
14.8
23.11
147.84
11.5
16.09
25.61
108.02
101.77
31.38
34.73
19.85
91.67
111.05
38.25
167.68
28.22
15.87
21.37
8.92
23.43
33.46
14.14
19.66
44.94
27.9
38.0
76.4
108.12
165.06
146.65
29.77
36.96
35.39
121.58
15.68
22.23
51.02
31.23
98.91
46.01
52.39
24.34
23.03
10.63
154.97
11.66
22.26
39.22
91.59
201.61
104.24
32.55
95.16
30.89
14.88
11.52
74.76
35.24
40.57
142.01
8.85
21.96
25.62
98.01
15.53
40.7
10.04
77.66
98.87
19.53
86.03
95.59
25.94
177.27
36.66
22.46
33.84
75.22
12.57
135.84
19.85
25.9
38.22
10.92
172.45
13.4
28.5
153.81
21.8
77.73
11.06
91.84
85.15
123.78
67.35
25.72
31.08
20.16
40.01
21.31
33.72
19.31
90.27
85.11
62.35
65.27
11.32
46.5
127.94
75.44
47.87
42.66
124.66
29.67
76.75
11.6
51.69
53.36
38.92
10.5
59.63
25.52
33.71
21.51
149.38
23.78
14.07
24.33
19.36
9.38
11.25
29.97
66.06
152.74
25.2
43.95
16.71
9.44
33.39
10.92
88.74
22.92
59.21
86.63
34.72
37.7
192.8
39.66
9.48
72.04
22.45
104.1
59.39
10.58
35.42
35.3
73.0
24.1
38.67
72.75
27.36
115.32
14.75
11.05
25.98
15.75
9.57
12.63
60.81
61.63
78.82
67.86
98.24
25.4
28.69
142.82
41.61
195.18
11.54
31.8
10.44
82.05
51.8
22.83
113.24
12.13
85.82
105.07
45.35
39.53
17.17
15.5
84.2
85.4
13.07
25.72
87.52
34.77
8.43
60.06
42.6
35.02
78.8
35.45
77.9
28.0
91.58
21.02
74.25
125.4
134.94
51.03
16.86
93.18
47.65
87.76
100.82
52.12
19.99
137.51
19.89
59.54
39.64
26.19
15.84
33.68
70.12
25.45
10.08
21.18
30.75
131.3
176.6
44.86
51.54
81.54
161.92
35.28
55.72
22.3
56.16
34.12
138.2
14.64
173.24
86.54
35.7
14.9
12.47
164.64
150.34
118.01
32.07
39.83
23.45
16.66
16.58
93.75
18.45
18.16
41.33
44.96
9.48
115.0
35.88
91.9
111.53
134.04
58.62
16.79
11.87
30.82
29.67
17.42
77.08
37.47
25.25
13.81
34.24
156.81
11.28
167.09
27.26
95.31
108.0
68.9
12.65
10.25
64.14
36.81
84.31
72.03
49.84
55.51
44.8
20.25
24.58
21.42
99.64
71.25
21.88
197.28
81.25
154.17
26.29
18.53
28.48
177.11
32.28
35.59
168.16
44.09
26.11
75.07
39.39
34.86
36.29
15.52
15.0
18.42
72.82
53.09
78.57
27.74
25.26
145.97
82.14
181.23
154.91
15.21
28.53
102.46
147.35
96.54
26.46
87.27
46.86
27.5
25.16
89.79
43.65
18.58
160.82
44.43
23.32
31.55
27.6
44.35
13.33
25.25
7.99
129.59
93.04
26.8
82.06
22.16
23.64
117.05
29.92
153.68
67.07
97.14
67.46
22.23
21.41
28.66
30.52
77.05
52.36
91.38
59.68
31.87
179.66
68.76
107.39
151.34
128.14
134.23
125.7
25.51
90.75
232.23
12.79
21.09
8.32
69.92
86.53
28.17
84.52
15.76
22.7
14.08
25.49
65.11
52.29
75.71
147.69
10.14
59.23
92.22
27.68
14.83
19.34
24.92
51.48
22.0
46.66
16.49
126.0
45.67
24.57
137.75
76.76
25.2
69.38
10.48
37.84
85.39
113.28
171.23
93.54
15.53
75.59
105.56
41.58
10.54
133.47
80.17
11.52
13.84
77.54
38.64
114.81
98.19
17.74
98.57
153.26
112.67
81.68
73.39
86.03
52.19
151.84
33.72
95.74
100.84
13.02
107.16
11.93
24.43
90.32
76.79
114.54
133.4
121.18
139.01
76.0
125.91
7.88
9.52
8.25
93.14
92.14
148.8
10.91
30.14
10.94
75.75
118.97
21.31
29.44
39.72
130.38
24.02
84.69
43.36
110.04
29.38
10.96
11.75
8.86
100.66
83.83
128.28
57.01
79.7
37.53
27.11
80.58
85.67
62.94
11.35
23.49
7.41
65.28
18.42
29.01
79.98
23.21
22.31
124.42
150.18
38.81
30.68
19.77
18.67
14.28
23.26
90.43
80.08
35.83
134.32
128.43
18.22
122.48
85.15
32.4
49.8
79.91
25.56
162.85
143.38
115.63
72.01
11.37
66.88
19.24
136.13
22.35
81.07
48.87
98.94
21.07
128.92
35.69
22.46
22.62
61.04
112.1
20.34
127.11
20.54
14.74
114.55
106.97
11.27
60.66
143.42
26.88
85.48
55.23
143.92
168.13
80.03
12.9
127.18
25.95
8.7
53.1
18.9
34.27
138.4
187.47
86.57
38.89
154.26
124.38
123.38
65.1
24.34
17.65
78.73
34.26
108.48
60.64
133.66
9.53
117.05
17.34
16.81
140.95
75.45
176.27
73.21
46.97
104.7
15.35
29.12
84.22
41.87
22.6
24.51
92.75
54.56
91.94
43.61
132.27
163.43
145.3
37.57
148.38
24.67
11.8
23.02
21.84
20.2
13.05
11.83
90.06
18.15
16.54
137.55
101.01
20.83
34.73
14.88
120.56
15.28
88.97
28.93
138.79
10.76
37.52
30.26
25.12
31.37
44.53
15.26
171.45
28.58
10.19
37.25
9.58
96.76
97.18
97.96
33.69
33.35
26.76
157.55
14.85
36.81
26.19
33.02
9.12
33.46
25.9
104.08
47.78
27.57
219.51
23.51
38.02
133.58
14.48
36.32
14.09
82.29
189.57
68.96
176.57
18.31
10.01
141.14
14.46
33.18
58.85
66.2
122.77
129.98
170.41
11.45
21.22
10.82
28.82
122.15
11.39
83.76
29.18
121.51
24.68
96.32
22.69
16.1
105.18
16.65
89.27
52.89
16.42
30.88
21.43
100.12
34.99
8.55
34.15
11.02
17.92
72.16
84.31
84.92
92.42
47.39
68.75
29.41
16.36
13.53
79.08
125.0
16.04
