-112.0
-117.0
-163.0
-265.0
34.0
-136.0
-74.0
-153.0
-209.0
-133.0
-149.0
-175.0
-59.0
-193.0
-174.0
-42.0
-151.0
-259.0
-213.0
-106.0
-138.0
-166.0
-139.0
-134.0
-48.0
-163.0
-130.0
-3.0
-91.0
-135.0
-192.0
-49.0
-89.0
-84.0
-125.0
-69.0
-66.0
-98.0
-82.0
-246.0
-41.0
-141.0
-172.0
-150.0
-36.0
-83.0
-153.0
-73.0
-14.0
-16.0
-96.0
-97.0
-52.0
-163.0
78.0
-47.0
-96.0
-142.0
-58.0
-617.0
-109.0
26.0
-177.0
-52.0
14.0
40.0
-129.0
-98.0
-48.0
-64.0
-143.0
-63.0
26.0
-184.0
-26.0
-104.0
-46.0
-36.0
-153.0
-171.0
106.0
-23.0
-39.0
93.0
-45.0
-3.0
-232.0
-12.0
-175.0
-89.0
-75.0
-362.0
-217.0
-134.0
-6.0
-83.0
-61.0
-115.0
87.0
-52.0
68.0
-99.0
38.0
-146.0
64.0
-266.0
-161.0
-39.0
-217.0
-470.0
-61.0
1.0
57.0
-28.0
-67.0
-308.0
-68.0
-16.0
-40.0
-122.0
-65.0
-317.0
36.0
-108.0
-301.0
-61.0
-133.0
64.0
48.0
403.0
129.0
-241.0
-118.0
-444.0
-145.0
-474.0
-172.0
-60.0
59.0
218.0
-115.0
-82.0
19.0
-161.0
-195.0
-58.0
43.0
-74.0
-56.0
-33.0
13.0
197.0
507.0
-209.0
-112.0
-415.0
21.0
-369.0
-7.0
377.0
-110.0
236.0
395.0
12.0
-33.0
-41.0
-53.0
457.0
-324.0
-157.0
-30.0
-14.0
480.0
-114.0
64.0
118.0
-163.0
411.0
-24.0
331.0
122.0
-62.0
-79.0
-162.0
9.0
-169.0
-84.0
-53.0
18.0
449.0
208.0
51.0
1.0
56.0
-163.0
-83.0
-64.0
-48.0
-122.0
-68.0
-44.0
-160.0
-104.0
187.0
15.0
23.0
-701.0
-109.0
122.0
-154.0
44.0
-41.0
432.0
-51.0
53.0
371.0
-156.0
4.0
-181.0
-211.0
-28.0
10.0
19.0
15.0
110.0
109.0
-73.0
61.0
-70.0
-80.0
-2.0
27.0
15.0
155.0
-158.0
469.0
17.0
19.0
-54.0
-28.0
-50.0
-253.0
-41.0
0.0
24.0
-51.0
-7.0
-160.0
161.0
-82.0
-52.0
-77.0
89.0
58.0
-111.0
-23.0
204.0
-79.0
-151.0
86.0
73.0
-106.0
10.0
-486.0
-123.0
46.0
-99.0
506.0
-166.0
192.0
61.0
46.0
-79.0
-130.0
4.0
-5.0
-148.0
79.0
4.0
24.0
3.0
-60.0
-145.0
267.0
13.0
13.0
142.0
-7.0
-67.0
-174.0
587.0
-249.0
-57.0
226.0
-12.0
-132.0
15.0
-5.0
-73.0
-14.0
-140.0
-109.0
7.0
346.0
-155.0
13.0
75.0
-133.0
157.0
165.0
-59.0
27.0
-60.0
-65.0
131.0
-34.0
-52.0
-184.0
-65.0
341.0
-65.0
-38.0
-76.0
30.0
537.0
-41.0
-83.0
3.0
175.0
-81.0
316.0
-17.0
-24.0
-177.0
-123.0
-244.0
-33.0
168.0
-138.0
111.0
150.0
-100.0
370.0
19.0
12.0
-229.0
88.0
-132.0
33.0
97.0
142.0
-125.0
302.0
-61.0
388.0
2.84217094304e-14
-36.0
127.0
39.0
79.0
285.0
196.0
9.0
124.0
18.0
-139.0
26.0
50.0
20.0
-35.0
-58.0
-305.0
92.0
25.0
313.0
217.0
690.0
65.0
227.0
152.0
-11.0
-108.0
-71.0
-48.0
47.0
-38.0
-43.0
-64.0
104.0
-194.0
-64.0
16.0
275.0
91.0
168.0
212.0
-32.0
-65.0
87.0
75.0
449.0
168.0
-68.0
-62.0
-63.0
-183.0
-121.0
61.0
-12.0
-98.0
-7.0
-83.0
78.0
-38.0
-77.0
-60.0
235.0
-149.0
149.0
-142.0
-36.0
210.0
722.0
145.0
-20.0
270.0
86.0
-38.0
-79.0
-179.0
-38.0
52.0
57.0
-3.0
-45.0
-131.0
40.0
173.0
722.0
-9.0
-46.0
-157.0
211.0
142.0
-101.0
-126.0
-22.0
375.0
51.0
198.0
-244.0
21.0
35.0
577.0
316.0
30.0
-47.0
191.0
-97.0
-138.0
-90.0
49.0
21.0
-68.0
16.0
-127.0
111.0
320.0
124.0
-77.0
14.0
393.0
-81.0
18.0
227.0
27.0
-127.0
-187.0
233.0
30.0
2.0
-68.0
-52.0
9.0
-132.0
-40.0
29.0
36.0
-44.0
-173.0
269.0
56.0
-135.0
115.0
28.0
-45.0
100.0
-231.0
-2.0
7.0
-33.0
50.0
173.0
38.0
-29.0
-37.0
-67.0
4.0
-24.0
-133.0
42.0
657.0
43.0
389.0
134.0
-125.0
-48.0
-47.0
127.0
25.0
-54.0
308.0
287.0
54.0
-13.0
126.0
-3.0
118.0
300.0
208.0
-45.0
-184.0
-40.0
354.0
-316.0
215.0
121.0
172.0
-44.0
-284.0
-157.0
-166.0
-116.0
37.0
-68.0
21.0
297.0
-90.0
159.0
3.0
-203.0
29.0
-30.0
-24.0
68.0
-43.0
58.0
-195.0
200.0
-137.0
-131.0
-83.0
155.0
172.0
-57.0
-122.0
-27.0
-91.0
-16.0
223.0
58.0
-68.0
5.0
-10.0
-163.0
-15.0
-65.0
4.0
149.0
16.0
16.0
22.0
-42.0
286.0
-7.0
-108.0
15.0
-87.0
-77.0
-182.0
-268.0
4.0
-104.0
50.0
-263.0
12.0
3.0
-219.0
-12.0
-116.0
-66.0
-88.0
-100.0
288.0
-64.0
-81.0
-81.0
-135.0
-57.0
42.0
-255.0
-3.0
-54.0
203.0
-9.0
-184.0
16.0
-33.0
-81.0
-279.0
592.0
22.0
297.0
-21.0
-153.0
463.0
13.0
-78.0
-2.0
-91.0
-129.0
-211.0
-11.0
14.0
-89.0
-46.0
-62.0
-120.0
205.0
41.0
380.0
170.0
-41.0
31.0
-34.0
-242.0
-35.0
-53.0
-58.0
25.0
275.0
365.0
-13.0
-83.0
6.0
-38.0
-131.0
-64.0
-25.0
-67.0
-31.0
-74.0
-14.0
-44.0
-83.0
-180.0
27.0
-158.0
128.0
-168.0
93.0
89.0
-35.0
338.0
355.0
303.0
114.0
120.0
41.0
-167.0
79.0
40.0
175.0
-42.0
-120.0
-63.0
18.0
-57.0
169.0
15.0
-32.0
275.0
-200.0
34.0
-183.0
-1.42108547152e-14
163.0
90.0
71.0
-47.0
30.0
-184.0
-49.0
-66.0
211.0
64.0
-48.0
-65.0
-44.0
-133.0
-55.0
-93.0
29.0
225.0
-52.0
-145.0
-70.0
-142.0
-160.0
-86.0
-55.0
24.0
337.0
98.0
90.0
-135.0
18.0
-34.0
-41.0
-77.0
40.0
-30.0
30.0
-79.0
-60.0
-110.0
131.0
55.0
-65.0
-76.0
-554.0
-151.0
-27.0
53.0
654.0
17.0
202.0
-58.0
180.0
-364.0
23.0
-133.0
-54.0
69.0
-177.0
-50.0
-78.0
-54.0
-126.0
-55.0
-87.0
-221.0
-58.0
-47.0
35.0
33.0
-132.0
112.0
-20.0
-147.0
-80.0
25.0
-107.0
56.0
-138.0
-122.0
-237.0
-162.0
25.0
-241.0
126.0
-54.0
-189.0
204.0
12.0
14.0
-151.0
39.0
-68.0
35.0
175.0
22.0
-82.0
442.0
-76.0
-100.0
-83.0
19.0
-57.0
-58.0
-11.0
2.0
-78.0
-139.0
-34.0
-28.0
9.0
170.0
126.0
-150.0
32.0
-170.0
-41.0
135.0
15.0
-56.0
-67.0
-65.0
-166.0
-154.0
-149.0
-103.0
-126.0
61.0
-80.0
-129.0
-41.0
-38.0
-128.0
-250.0
-34.0
-129.0
-45.0
-85.0
-148.0
-160.0
-27.0
76.0
33.0
-65.0
-228.0
-36.0
184.0
-116.0
-83.0
-141.0
0.0
39.0
51.0
-160.0
-137.0
-134.0
34.0
105.0
-56.0
-232.0
-22.0
241.0
-135.0
142.0
-103.0
121.0
-150.0
-12.0
55.0
-17.0
-43.0
40.0
-89.0
-99.0
-161.0
-41.0
-81.0
-18.0
-39.0
-142.0
-58.0
24.0
-27.0
-210.0
-210.0
-228.0
-322.0
-334.0
-133.0
-478.0
64.0
-100.0
-175.0
20.0
-245.0
-126.0
26.0
-51.0
-131.0
-63.0
314.0
-135.0
-102.0
-3.0
-61.0
-128.0
-133.0
56.0
-125.0
-35.0
-111.0
-160.0
25.0
-34.0
51.0
-98.0
-293.0
117.0
-128.0
-136.0
-44.0
-110.0
-53.0
-94.0
104.0
10.0
-38.0
-100.0
50.0
-22.0
-98.0
-50.0
152.0
-156.0
388.0
-27.0
201.0
31.0
-145.0
-91.0
160.0
224.0
11.0
-16.0
4.26325641456e-14
85.0
17.0
-51.0
102.0
16.0
25.0
3.0
-133.0
21.0
-43.0
-24.0
-97.0
23.0
-86.0
-150.0
-50.0
-129.0
-35.0
-108.0
-117.0
-138.0
30.0
43.0
-192.0
-32.0
-124.0
-100.0
10.0
-114.0
-141.0
-141.0
34.0
-59.0
-47.0
-55.0
-169.0
-165.0
-46.0
-191.0
144.0
-2.0
-203.0
-202.0
-190.0
-65.0
-295.0
-16.0
-67.0
-220.0
-99.0
-94.0
-47.0
-127.0
-193.0
-76.0
29.0
-179.0
-49.0
-36.0
