29.24
40.51
22.04
35.34
34.38
9.06
16.69
10.28
23.52
7.18
11.69
36.93
29.43
15.77
12.94
11.18
9.44
53.52
25.03
23.63
9.05
11.08
9.45
7.82
13.23
12.08
26.44
24.78
19.78
8.39
21.27
12.83
20.18
18.14
28.55
17.1
37.86
23.03
39.88
51.77
32.97
10.24
16.79
11.26
9.99
19.96
11.7
16.73
26.03
64.85
88.63
20.63
13.06
15.42
73.76
11.82
23.06
10.1
14.49
126.81
22.72
83.88
17.88
34.14
22.41
38.51
29.51
23.52
31.6
15.38
10.51
14.06
18.85
60.93
29.94
24.36
12.62
9.3
55.34
14.3
22.63
30.64
10.55
26.2
12.64
67.82
46.94
26.29
17.22
20.65
18.81
51.42
66.6
9.07
25.51
20.03
15.57
26.85
49.3
33.54
55.44
22.45
37.62
31.52
33.59
54.37
42.14
31.04
24.88
69.87
15.0
25.47
35.11
8.55
37.34
42.58
16.37
27.79
51.71
26.57
16.2
45.21
39.24
24.62
41.51
15.56
29.95
55.77
81.8
131.21
148.58
30.45
158.06
70.02
31.74
75.4
37.13
15.36
34.35
64.58
4.76
19.29
129.65
37.14
21.4
15.18
59.72
18.67
14.73
9.1
22.51
91.46
113.37
42.85
22.55
105.59
129.39
117.62
48.7
95.28
22.34
64.09
133.4
22.5
30.95
31.72
36.67
122.49
43.93
33.55
9.35
27.77
123.08
48.35
32.74
21.91
15.28
131.04
29.08
85.12
43.27
15.39
19.26
55.31
23.49
39.31
19.44
36.99
20.14
123.5
91.03
14.35
24.48
80.55
14.2
20.22
15.33
31.65
26.81
36.72
10.7
14.65
68.15
115.99
21.78
64.09
116.55
35.6
62.63
35.44
20.22
14.85
96.89
20.87
19.2
120.07
17.48
72.8
57.1
47.86
83.59
33.82
30.66
32.34
31.63
71.14
26.76
54.43
91.96
42.23
75.73
28.57
27.66
53.97
19.91
127.34
32.41
21.72
36.44
94.34
38.5
52.3
35.29
27.81
43.74
37.69
27.39
14.52
86.1
19.68
14.87
19.82
54.57
36.17
26.46
31.61
124.29
19.16
61.19
28.68
56.96
25.12
22.24
82.55
31.74
16.08
71.21
123.58
37.88
71.69
34.74
16.29
66.59
55.38
22.84
26.72
34.68
55.79
23.95
18.4
23.92
16.83
10.99
86.37
47.01
22.91
86.17
25.96
17.39
60.2
102.46
50.71
15.14
72.32
28.47
8.59
24.01
28.8
18.45
26.9
10.78
48.14
24.99
66.7
33.78
23.6
102.37
55.33
107.11
55.63
15.51
20.22
15.97
17.65
20.65
11.21
37.25
19.87
17.24
107.31
17.86
35.45
18.89
43.94
120.97
62.48
18.74
26.49
59.57
19.68
74.76
30.77
32.59
40.54
28.09
33.95
10.13
61.34
10.1
23.77
39.79
80.36
129.0
30.41
32.03
37.72
47.15
13.09
31.44
26.98
26.98
11.35
83.08
52.8
88.92
33.4
16.6
61.3
26.88
32.11
86.23
42.83
39.08
67.14
32.76
16.66
27.97
55.04
34.87
10.63
25.45
75.57
41.89
70.28
113.53
74.96
126.82
55.15
70.53
62.34
39.41
34.87
24.4
23.25
23.73
14.93
14.86
24.1
40.16
22.14
19.33
27.89
88.72
42.59
88.47
101.8
13.63
21.78
39.87
100.81
95.82
114.72
26.0
22.06
21.81
29.74
8.21
82.54
40.9
46.95
37.73
26.92
44.9
48.08
21.64
23.8
71.31
20.22
23.83
11.09
17.09
76.31
125.04
67.76
11.48
98.61
87.06
18.2
23.99
41.27
18.27
20.78
21.11
44.46
21.43
14.24
27.37
52.04
123.03
28.61
18.08
22.89
80.2
26.63
39.2
12.14
11.3
102.93
20.27
77.67
88.84
36.87
27.72
96.88
82.33
31.16
19.92
80.5
39.48
9.83
32.15
23.99
33.93
31.3
37.61
12.47
79.79
79.87
31.96
18.4
35.19
92.94
29.72
30.83
76.14
32.56
11.2
32.99
71.44
67.06
42.9
26.0
24.3
43.18
14.31
18.36
33.13
26.42
20.74
40.66
103.71
22.24
10.64
71.79
73.42
19.91
45.96
49.35
42.65
71.4
15.38
23.27
123.59
60.51
14.07
18.53
25.94
43.58
37.51
9.24
70.04
146.27
22.84
132.71
72.59
11.48
16.9
21.31
35.79
40.17
24.59
74.35
89.1
61.82
44.01
27.74
106.23
38.77
81.56
73.12
20.67
26.71
16.24
61.42
160.41
79.5
50.18
63.44
11.54
39.43
12.88
43.84
29.46
43.67
17.7
23.29
109.76
47.69
66.91
24.06
26.02
20.26
35.67
34.82
37.01
12.89
38.48
114.75
77.44
53.15
9.37
20.77
108.21
60.06
15.73
33.12
62.38
25.68
34.69
65.56
39.09
20.75
25.89
30.79
42.44
31.64
18.61
25.27
70.63
21.43
21.26
24.35
13.42
86.04
55.58
25.7
23.32
21.94
45.75
40.35
92.54
104.41
28.5
38.04
92.7
27.45
27.69
51.89
50.65
27.09
43.13
24.2
54.07
108.84
18.39
23.62
19.6
9.78
15.32
38.2
39.34
51.99
14.55
150.37
30.68
38.45
93.74
62.96
19.71
77.71
112.96
24.73
80.06
32.94
14.26
148.48
27.38
22.52
29.82
21.63
8.61
28.04
59.42
25.45
24.77
20.6
22.33
9.62
76.51
17.71
127.81
55.69
19.92
29.98
16.98
53.96
16.66
21.67
25.13
20.97
90.79
100.09
38.34
29.68
40.94
17.18
12.78
26.38
12.48
18.1
17.21
25.26
45.75
16.24
33.92
76.81
30.65
21.81
69.96
16.42
106.38
86.86
17.07
104.55
102.4
81.35
74.54
37.8
20.44
15.99
51.73
24.64
91.39
57.75
9.57
29.33
69.98
24.66
52.79
22.81
14.26
130.98
37.35
24.14
32.08
34.12
61.32
84.21
51.1
60.6
31.23
33.66
19.07
27.15
78.28
172.41
18.72
25.11
18.49
55.29
22.31
38.3
27.28
74.84
22.9
16.71
24.78
17.5
63.15
112.88
22.47
29.46
180.1
43.49
40.29
15.07
37.79
15.63
20.61
18.46
26.02
54.53
25.45
180.86
25.85
6.33
69.85
19.87
25.89
19.07
179.79
64.79
49.44
61.21
137.13
34.22
86.08
23.56
87.88
82.8
32.18
12.36
61.19
45.54
26.21
21.82
30.22
19.48
48.48
38.8
61.95
50.67
23.36
58.44
23.52
71.62
12.69
30.04
10.84
11.83
30.93
29.27
43.96
60.03
56.29
38.72
85.5
23.71
32.71
33.05
30.71
22.82
35.81
87.11
38.12
112.35
45.09
22.23
29.44
17.59
90.92
30.97
32.37
223.58
31.26
39.47
31.79
33.84
23.82
108.59
41.26
37.84
25.59
13.8
16.34
13.8
38.41
94.84
106.34
36.1
69.74
147.81
48.91
29.13
37.83
21.68
30.43
28.08
144.85
35.2
21.29
43.34
11.46
20.79
34.03
13.45
18.88
12.66
11.5
34.71
14.43
54.36
16.84
34.97
19.65
21.71
52.82
128.14
65.48
17.35
42.75
16.62
169.91
88.87
31.47
18.98
37.94
26.89
181.49
14.64
121.97
15.76
27.99
118.39
24.0
53.16
10.78
109.39
15.08
40.25
38.46
68.95
59.32
42.44
104.98
38.44
20.19
65.32
56.49
22.93
16.09
14.44
23.57
31.42
12.84
36.63
17.97
125.07
37.25
25.27
55.3
35.82
84.2
89.29
11.49
184.65
86.57
38.98
63.6
21.72
52.5
85.68
66.9
20.46
12.96
93.85
150.24
12.92
42.38
26.2
25.4
12.69
50.78
19.49
9.84
17.15
6.24
17.91
28.09
148.37
20.49
33.13
113.38
37.2
12.84
14.2
15.96
83.43
18.8
23.06
80.9
33.95
16.63
78.18
59.18
46.04
40.45
21.98
87.79
14.05
132.92
170.34
82.18
27.87
56.39
38.44
102.23
155.86
36.15
51.48
37.2
51.08
33.89
23.43
84.21
33.36
30.3
40.08
52.98
19.22
17.83
52.02
35.92
33.5
25.44
20.46
20.43
88.08
83.74
25.66
44.87
55.13
31.12
25.28
35.75
135.8
49.44
83.23
39.08
27.0
17.48
56.92
67.76
22.75
20.8
22.42
142.59
63.38
18.44
21.24
137.23
121.52
71.01
40.4
30.97
27.56
111.35
46.8
108.14
26.65
84.68
26.9
15.54
92.6
54.95
21.41
20.48
52.23
97.48
54.44
