13.05
55.22
14.07
24.12
11.68
71.21
16.91
35.57
40.15
69.42
13.71
12.29
26.12
25.72
18.32
24.12
15.5
22.53
36.16
21.7
29.53
26.12
12.28
20.31
37.34
17.71
62.45
39.77
170.43
5.27
244.89
328.6
16.48
101.29
17.45
45.72
14.38
20.73
159.75
5.06
11.83
268.09
11.31
276.05
64.0
63.53
66.4
31.22
123.34
62.3
31.43
42.19
114.64
64.88
63.51
64.72
35.36
36.22
15.57
56.48
219.6
31.44
15.63
17.93
149.62
11.87
32.8
69.17
57.76
15.49
103.6
81.84
22.73
161.33
26.34
12.53
75.78
28.89
14.29
10.47
8.47
140.07
12.8
35.73
26.08
10.85
19.49
116.84
10.05
16.52
13.51
52.83
32.89
19.42
45.0
55.69
219.55
21.76
120.04
174.26
16.89
265.12
15.92
74.38
23.49
189.71
95.16
128.13
9.92
31.0
8.83
104.38
169.72
10.26
72.75
51.07
57.39
23.78
59.36
11.47
18.9
53.86
18.75
7.8
49.44
18.84
46.31
188.68
35.69
11.27
11.25
21.83
8.27
69.86
13.45
10.01
32.49
9.66
11.96
10.47
22.72
36.87
16.52
9.48
44.46
77.99
33.23
13.26
19.11
109.14
9.66
14.47
44.61
89.27
29.36
13.14
131.83
30.61
19.55
21.12
53.2
22.9
19.88
67.78
9.73
10.25
140.21
37.3
16.32
68.92
96.78
22.33
10.7
8.62
37.21
44.87
49.8
13.47
9.06
14.91
21.32
74.36
57.41
63.28
113.02
17.98
9.07
5.44
34.47
20.33
14.26
34.17
43.38
44.19
16.07
33.49
12.25
10.25
70.71
29.67
43.87
31.58
59.89
138.68
36.28
8.59
49.87
12.24
137.62
8.46
7.97
19.9
87.48
59.66
8.66
144.98
59.95
33.4
17.97
75.16
26.54
31.92
27.68
23.01
56.37
48.15
29.15
47.48
15.08
14.5
7.86
8.46
39.39
52.27
34.76
68.65
131.23
146.68
46.13
15.51
8.87
8.02
15.96
58.29
159.36
28.6
57.74
29.83
9.91
77.34
17.76
36.8
51.62
15.53
32.72
35.86
119.75
9.92
9.49
10.51
67.89
62.4
81.1
37.89
19.4
38.39
170.55
27.77
121.35
13.33
27.79
19.87
129.09
105.75
67.1
82.09
27.48
40.65
68.35
53.69
30.37
25.11
141.71
30.81
91.64
19.91
47.51
45.25
23.8
35.62
43.49
77.43
8.1
65.65
19.74
21.36
31.71
39.75
102.69
13.33
13.75
13.46
118.96
41.84
14.31
19.88
19.36
12.69
29.37
95.6
28.06
50.94
17.94
18.9
64.76
36.54
46.89
123.79
22.36
52.56
104.92
12.64
25.34
22.84
67.07
23.69
18.36
25.18
60.72
61.93
31.43
45.37
21.96
19.91
35.73
23.39
104.1
29.82
101.21
80.78
114.22
64.77
11.93
9.01
122.94
7.23
28.05
14.3
31.6
113.25
21.86
132.55
36.67
29.63
15.35
69.84
102.64
14.96
107.92
16.13
71.49
11.26
23.55
19.11
124.79
144.29
59.83
15.6
27.91
10.53
10.31
8.1
127.66
72.73
118.84
138.05
35.08
15.31
143.0
10.07
112.08
87.99
39.23
9.65
57.77
69.52
20.75
171.42
50.25
59.18
16.16
19.74
46.83
28.25
21.33
58.58
16.32
10.63
170.84
18.33
15.68
72.63
168.65
67.33
26.13
16.75
70.05
16.12
38.98
25.19
31.78
114.33
78.72
122.6
30.63
111.04
15.38
13.1
16.12
106.76
7.25
26.4
56.69
53.66
239.91
10.1
107.57
101.48
241.49
73.41
69.74
19.79
55.83
229.14
11.09
79.15
216.7
13.91
13.73
22.14
101.93
55.44
120.27
62.44
88.64
71.56
159.72
186.29
167.81
66.15
38.77
211.42
10.26
22.77
19.88
37.71
33.18
14.09
25.98
6.88
15.71
110.68
7.71
106.02
15.51
20.53
71.3
5.88
241.84
21.5
129.77
63.33
120.84
243.99
163.83
118.44
99.91
181.9
10.92
60.09
148.22
81.35
18.96
105.71
18.83
8.66
142.61
39.65
159.85
48.68
71.74
25.94
37.68
105.42
136.89
160.62
18.29
28.43
22.42
12.49
17.94
16.04
50.59
102.49
19.04
11.15
73.39
121.83
9.41
96.52
48.44
68.21
34.87
32.53
37.86
170.14
94.17
67.72
24.15
111.9
64.09
19.68
10.5
61.87
143.48
20.97
17.04
118.44
60.15
10.32
13.38
102.9
46.88
11.92
28.39
15.86
171.7
112.17
52.46
68.66
64.83
56.6
61.04
149.04
131.32
152.86
132.57
145.26
81.24
57.88
27.73
10.5
55.34
24.18
89.14
31.21
54.19
74.81
147.53
17.74
17.53
20.33
61.12
135.48
57.15
30.29
67.48
45.42
18.15
14.95
9.89
16.56
143.73
26.0
17.54
32.0
138.53
128.83
146.46
22.6
130.39
13.36
37.85
30.72
19.96
66.99
28.04
27.17
155.14
75.09
78.97
55.92
161.23
21.8
64.99
10.09
49.0
128.76
74.68
18.93
15.13
92.07
14.05
8.25
23.67
171.23
22.7
33.0
201.28
111.28
12.71
55.74
21.11
114.74
14.68
30.59
13.14
7.27
17.09
105.69
50.72
10.42
28.94
71.19
35.44
39.1
27.19
56.84
17.64
20.15
54.1
119.68
26.54
184.75
30.44
11.69
60.62
15.47
82.99
15.54
68.84
66.44
24.68
38.48
154.72
49.28
22.47
155.65
42.8
28.6
33.96
11.1
37.39
130.83
13.35
10.04
12.44
32.41
17.07
7.48
27.8
31.98
9.53
149.72
64.01
93.76
10.73
36.58
61.26
90.1
41.06
19.45
13.26
113.62
14.98
54.74
97.41
64.87
54.34
39.35
6.83
47.32
17.59
164.35
60.25
13.99
16.54
6.35
56.78
55.03
99.25
31.59
12.7
36.21
78.89
119.19
19.53
12.92
83.59
75.52
68.94
73.53
9.11
73.85
139.87
67.75
28.31
59.37
35.1
76.24
34.79
35.45
13.69
19.07
65.27
11.7
12.78
21.16
60.99
61.38
110.37
34.78
48.35
8.88
48.84
87.36
18.36
28.14
62.52
8.28
34.81
10.14
10.71
6.62
34.74
29.89
18.4
23.19
92.95
176.9
28.7
8.19
35.45
47.14
8.44
13.54
28.39
33.6
18.22
61.38
70.66
30.44
82.42
19.14
19.88
65.98
38.29
191.39
20.74
62.87
12.75
44.61
20.67
16.66
165.18
182.99
137.56
148.0
21.55
90.35
18.82
17.4
28.8
26.17
42.46
70.48
24.13
22.79
22.17
27.7
15.12
18.73
110.63
16.1
34.93
160.19
31.29
41.86
105.65
33.4
34.99
8.07
106.05
11.7
60.3
116.39
68.63
81.62
35.24
16.74
18.53
19.33
21.92
23.05
29.32
119.27
41.44
90.1
11.13
14.35
86.47
53.23
18.5
29.96
40.27
10.83
21.68
9.48
43.46
96.85
19.78
33.1
24.54
12.84
20.66
15.34
96.6
20.77
71.97
31.37
28.22
11.5
20.36
72.82
104.69
58.7
89.08
36.21
27.49
65.82
27.17
32.24
156.65
108.63
117.25
56.54
36.67
24.7
89.05
76.88
55.51
29.0
60.26
71.83
15.38
66.23
21.12
38.71
42.25
20.96
32.97
78.29
93.25
22.76
69.93
35.99
98.45
58.91
5.66
156.25
27.51
29.63
112.9
50.96
24.58
28.83
61.82
33.56
115.48
50.47
30.67
69.44
18.2
57.54
37.94
45.86
74.01
26.04
60.95
73.25
28.37
53.98
7.19
37.58
13.41
28.94
7.78
20.21
26.45
20.93
34.91
13.29
60.33
12.49
25.39
13.39
17.78
46.87
10.26
40.35
27.48
16.89
104.21
10.09
133.83
39.32
24.17
10.83
23.29
8.05
38.56
13.86
24.04
95.5
89.39
59.86
20.13
26.54
51.89
24.76
190.45
16.81
43.62
13.43
21.1
34.02
69.43
72.82
33.04
94.39
39.01
65.18
25.41
8.0
47.24
50.95
37.17
47.53
34.8
86.84
7.87
56.99
74.43
21.07
31.67
63.11
102.48
68.7
23.54
14.27
32.96
39.85
96.1
14.67
13.73
79.17
60.13
46.5
69.94
140.47
34.34
60.21
149.8
26.12
15.52
10.05
17.12
110.37
16.14
11.67
18.94
19.53
16.7
27.9
97.53
12.03
62.47
69.98
20.47
15.12
11.5
32.79
185.02
182.31
13.35
19.04
61.15
71.71
19.46
9.47
25.18
14.28
139.6
14.27
18.4
73.14
69.37
18.28
149.96
39.82
94.7
63.09
8.96
52.71
49.59
43.77
10.77
11.45
71.62
22.67
55.69
23.3
23.92
47.45
46.07
73.57
21.23
137.19
210.72
136.86
85.26
121.31
137.7
19.33
97.16
17.5
58.3
48.82
49.45
66.38
124.72
140.37
122.89
47.62
26.34
102.23
139.98
38.58
96.39
18.48
170.12
153.91
71.17
21.45
135.42
23.92
161.26
26.88
92.64
12.08
10.32
15.92
92.53
48.68
47.16
42.03
19.34
57.2
69.56
36.25
45.78
73.61
34.97
13.31
7.3
157.82
60.5
21.06
112.18
34.22
166.4
179.5
20.55
60.41
19.88
31.25
17.88
101.36
61.79
55.22
125.08
140.62
161.17
85.39
107.24
77.84
151.33
20.92
25.84
24.3
14.66
46.9
139.83
25.59
155.8
52.41
27.62
40.69
36.34
15.94
30.57
112.51
172.96
73.9
162.98
161.76
10.29
61.7
34.69
82.73
121.64
105.63
8.27
58.1
110.41
22.94
72.77
35.63
21.51
123.75
16.29
115.28
17.85
32.13
156.95
36.41
24.91
61.43
79.17
20.35
85.64
201.51
12.1
68.92
40.95
133.11
183.05
181.97
84.07
11.07
25.28
11.83
192.33
18.53
157.96
12.22
54.88
10.67
63.65
13.08
13.92
63.27
61.86
142.18
26.53
103.48
199.12
49.71
150.35
54.5
99.56
23.94
16.26
162.71
78.16
23.51
63.59
48.84
48.29
58.37
34.34
19.29
221.96
150.1
29.12
50.22
34.72
34.96
76.33
18.76
66.58
63.64
61.18
147.9
66.96
120.06
74.05
54.7
65.91
25.23
35.18
28.21
129.38
31.21
71.66
11.29
110.57
30.98
133.17
86.01
25.74
127.48
9.69
23.96
40.11
113.21
55.02
106.54
173.4
76.74
72.93
61.73
60.42
70.03
17.27
59.6
55.89
29.36
115.91
44.41
50.54
35.8
26.51
100.21
76.66
114.65
218.71
97.14
51.48
12.48
128.62
16.72
204.01
119.57
205.11
47.64
12.03
194.22
65.38
65.25
65.15
16.29
11.71
86.39
8.69
65.49
206.2
43.81
95.33
73.35
13.46
110.18
14.08
90.83
92.27
45.37
9.97
129.84
9.29
70.43
35.98
21.36
34.03
10.06
37.26
93.44
16.86
58.9
85.88
15.51
107.25
18.67
196.09
15.19
27.61
38.46
63.72
131.3
34.56
180.97
72.39
43.42
34.74
10.11
125.25
60.2
53.9
60.3
82.26
38.99
58.91
18.15
141.22
42.24
13.52
8.07
19.96
100.3
34.99
128.46
55.61
35.74
23.2
16.75
27.56
56.14
155.78
26.16
15.67
32.8
60.61
157.92
87.71
61.58
25.06
144.4
8.48
64.38
15.72
45.88
30.59
145.18
120.92
135.16
126.68
53.29
42.24
8.39
109.37
32.97
116.18
30.08
130.12
31.43
135.32
68.28
130.48
17.99
33.24
8.28
129.35
10.12
59.04
24.35
29.4
63.81
57.36
12.52
103.94
22.16
67.26
30.48
52.52
98.23
109.9
6.87
93.98
6.49
25.1
8.87
44.61
7.69
8.85
13.86
40.42
15.86
56.82
158.83
121.47
27.97
48.12
17.95
21.6
16.88
44.25
17.76
24.12
41.07
139.8
8.86
113.65
87.19
96.98
36.7
24.38
28.1
8.04
34.23
6.63
135.23
37.91
33.99
13.55
64.52
101.18
135.92
46.56
7.44
23.42
136.49
32.71
21.48
42.87
20.91
154.07
44.85
140.55
121.09
174.1
54.87
22.51
31.36
9.68
59.31
11.24
72.48
31.71
48.05
59.36
28.82
51.72
32.21
204.41
208.06
148.01
10.24
132.46
22.1
44.88
19.93
90.21
124.8
59.06
140.84
69.98
24.73
20.68
164.97
178.9
116.78
7.27
46.46
79.87
44.97
25.21
19.09
53.71
79.04
217.75
28.81
11.46
55.81
12.68
91.48
11.47
109.2
37.88
16.53
19.9
19.95
72.1
27.06
28.33
11.73
13.85
101.62
42.79
18.94
171.08
51.92
32.7
81.66
20.14
87.95
54.64
26.59
33.13
154.81
30.67
189.13
10.01
16.27
7.4
94.57
6.46
147.49
28.35
144.02
16.27
7.47
170.25
71.61
173.72
16.95
27.93
65.7
12.09
15.39
15.47
24.56
117.06
94.23
77.91
144.36
35.59
92.46
101.28
31.62
45.57
12.13
7.3
117.07
13.89
13.21
132.42
75.41
23.38
16.8
28.26
62.96
26.03
65.9
25.25
56.96
116.68
91.22
69.62
24.2
26.31
128.37
62.6
9.39
20.81
51.46
54.25
27.03
51.79
113.19
33.42
92.55
50.44
35.8
99.21
22.76
124.86
106.26
51.7
30.65
38.14
130.6
28.46
154.1
76.43
92.42
25.18
106.17
107.5
22.53
16.69
32.96
14.94
101.2
94.47
46.94
27.39
58.5
75.42
82.64
46.94
22.12
46.96
152.81
40.89
17.12
21.52
53.55
111.32
30.76
93.78
48.96
124.93
38.36
103.95
51.43
107.68
76.22
23.03
57.45
44.55
64.66
68.52
21.19
13.28
95.28
14.09
17.23
6.79
67.99
112.76
12.9
50.11
110.33
8.71
15.99
56.75
103.77
128.35
67.3
67.44
63.84
49.38
15.53
112.96
111.07
107.71
55.84
108.81
59.95
17.57
81.31
24.72
67.33
15.48
11.72
66.32
100.71
16.28
23.79
57.21
19.81
24.81
104.52
125.86
35.3
27.59
14.23
23.12
65.54
61.72
105.36
81.05
124.42
59.08
140.98
105.48
127.95
59.81
8.97
138.33
120.87
34.83
113.78
62.49
32.45
24.75
56.15
145.19
115.27
28.43
68.1
62.34
61.6
149.21
14.37
68.75
20.37
28.44
108.64
20.53
111.13
16.86
25.77
10.55
32.22
14.9
48.65
27.77
13.36
52.64
31.62
66.33
30.92
87.17
59.6
69.37
97.03
114.26
25.46
70.84
113.97
16.54
25.42
50.37
11.05
22.61
22.33
12.49
110.97
64.56
127.99
23.36
51.47
11.02
19.19
55.54
95.97
188.92
14.16
8.64
143.08
140.53
18.96
145.19
122.93
31.7
161.6
28.95
61.69
17.1
22.36
73.0
41.7
64.81
148.85
94.08
114.47
72.76
96.7
10.33
138.43
16.56
18.15
10.9
15.74
9.91
47.05
17.16
19.74
13.56
17.95
103.66
20.63
21.38
34.49
47.88
145.17
27.41
113.91
75.31
21.77
152.04
72.52
133.35
16.03
54.47
58.04
11.14
129.57
17.11
66.86
138.66
111.03
144.91
25.73
58.44
30.42
27.53
93.19
131.77
67.78
8.25
70.62
66.24
84.1
28.47
53.54
22.78
67.18
50.85
44.18
75.44
59.23
28.18
13.84
18.34
24.1
56.13
27.14
142.56
66.17
67.53
57.77
66.74
125.89
50.49
26.79
68.84
15.55
19.78
105.73
18.92
128.02
36.79
12.08
65.43
17.44
82.81
13.48
122.08
10.93
84.55
19.35
134.58
21.83
45.05
59.07
8.25
97.39
121.72
47.56
30.03
146.48
43.31
61.15
21.9
115.54
7.73
15.7
77.05
110.69
141.29
141.99
31.98
21.22
102.44
64.6
142.34
12.5
49.0
60.22
49.38
9.03
157.12
10.54
37.02
24.35
88.92
102.94
89.37
76.77
137.51
22.16
14.51
38.9
39.25
23.6
23.62
159.08
61.68
154.61
71.99
162.43
85.46
20.22
53.55
67.0
10.33
28.48
152.79
42.88
128.31
32.05
89.23
37.48
62.66
34.69
140.99
84.21
98.56
56.33
68.38
59.0
106.05
34.37
143.22
24.4
18.41
139.27
11.89
74.57
18.31
14.09
90.82
40.09
14.55
23.18
30.19
6.68
8.65
138.57
70.36
40.54
25.9
20.58
17.92
8.86
11.1
139.68
30.76
105.82
36.7
52.33
97.7
7.83
47.11
164.13
97.96
35.05
130.05
116.93
179.23
119.82
149.64
18.65
66.34
97.4
28.37
49.88
11.28
7.49
29.9
66.61
30.27
24.33
140.37
16.95
215.57
157.55
45.25
9.07
30.85
37.42
141.76
67.44
92.69
164.55
11.3
27.7
9.94
43.58
14.2
44.99
137.27
23.0
167.01
65.26
97.36
11.24
15.94
50.51
9.27
60.95
45.13
11.14
60.93
118.77
53.55
14.52
62.22
184.15
108.62
125.73
169.94
114.41
116.66
8.23
31.88
154.64
126.29
10.53
17.06
24.81
52.62
40.15
62.41
26.09
26.41
8.44
25.12
101.01
96.85
158.91
31.06
115.06
30.78
50.57
58.06
79.33
34.23
28.6
160.61
30.51
111.9
22.58
55.41
74.54
15.3
57.71
50.12
28.39
45.06
115.0
28.9
56.27
87.74
62.63
64.82
132.74
35.63
122.51
132.28
57.51
101.23
115.26
105.63
11.54
7.9
118.85
12.96
148.73
132.27
187.74
8.12
17.17
84.59
72.66
27.17
21.06
134.58
18.54
30.84
33.28
31.85
57.89
12.9
27.56
42.44
53.46
29.58
64.42
72.59
159.74
14.71
54.58
16.94
14.05
56.35
145.9
78.29
113.02
20.92
107.94
107.61
63.13
30.18
21.16
37.55
68.34
140.19
47.31
78.51
94.77
22.76
44.69
124.84
30.98
12.98
24.09
32.88
16.14
63.97
53.63
63.61
80.22
18.77
92.2
106.47
144.86
49.66
15.01
18.37
19.52
45.88
19.1
130.34
31.27
73.07
9.24
20.72
105.97
7.94
14.15
131.62
31.11
143.69
84.78
37.46
13.53
16.62
15.71
9.11
129.25
58.59
10.86
15.15
95.88
69.89
17.73
8.85
24.39
15.68
48.97
19.43
12.36
31.26
35.88
25.36
165.89
113.8
69.91
69.42
149.33
94.21
72.99
94.18
105.64
23.73
144.83
36.21
54.13
139.57
147.73
9.21
62.66
29.84
36.09
41.88
140.13
12.46
100.63
108.89
61.26
120.24
72.77
85.12
16.35
25.21
26.64
8.56
19.14
111.03
54.15
136.54
108.76
117.78
48.94
108.95
103.68
48.27
101.27
28.6
59.89
132.37
45.72
65.99
11.05
37.06
126.59
11.86
53.21
60.85
125.72
21.96
9.1
13.26
21.55
15.55
52.23
30.37
114.83
12.46
76.96
14.31
31.82
63.98
77.17
26.49
31.26
45.5
17.74
135.15
75.81
76.89
73.63
154.64
38.27
25.59
107.33
90.89
119.47
147.83
107.69
22.44
17.36
60.29
125.54
8.46
15.07
112.18
23.74
131.25
133.83
156.63
58.07
9.33
13.52
107.95
66.05
60.86
63.75
75.59
72.51
22.84
58.46
150.78
21.11
128.65
19.3
44.22
131.33
42.27
134.53
14.34
181.01
65.78
42.06
60.48
109.53
138.02
64.39
43.95
58.83
9.07
61.22
54.03
22.22
7.99
14.05
38.24
57.98
33.03
46.51
15.55
53.7
15.77
19.88
59.3
22.04
16.35
10.08
76.3
27.24
31.81
107.46
21.59
183.32
45.26
124.78
9.58
40.03
47.47
19.13
19.77
136.99
156.49
69.74
13.23
18.36
8.83
17.62
74.64
62.43
9.28
25.25
22.91
74.58
44.03
34.7
11.68
32.82
50.7
21.56
123.29
9.28
67.82
28.45
8.22
148.69
30.8
19.76
30.25
113.56
97.44
59.24
23.03
15.75
136.54
31.59
95.43
99.45
48.72
57.56
57.28
158.18
30.82
79.19
19.2
10.7
133.88
58.03
27.64
157.33
11.2
15.55
66.9
40.87
60.59
19.54
150.01
17.19
55.17
40.93
23.1
115.33
148.04
11.41
11.34
139.01
82.23
28.42
84.59
26.02
24.06
37.75
26.46
35.45
147.66
35.64
135.88
35.27
11.28
115.51
26.73
35.36
64.77
51.02
66.92
46.78
147.85
33.47
9.42
57.42
54.47
76.12
15.8
82.81
26.61
76.44
67.98
102.8
31.13
28.1
8.9
11.05
107.02
60.2
80.19
28.61
28.99
130.04
122.76
105.13
26.01
70.47
50.67
27.79
64.62
52.08
26.49
71.33
121.0
13.92
25.43
26.48
16.75
60.66
124.78
41.72
63.79
114.91
64.39
60.82
59.23
18.39
117.0
112.75
50.15
15.76
24.67
67.03
10.43
38.62
16.54
33.2
114.91
28.56
61.26
64.02
109.81
133.44
30.42
19.27
30.25
32.18
113.14
68.86
107.05
50.55
31.93
58.81
158.25
137.55
61.27
153.14
22.97
49.51
39.31
51.96
81.48
37.72
59.44
87.67
25.23
138.14
152.94
30.25
101.5
16.47
159.67
36.5
23.22
108.2
21.75
82.66
20.32
144.87
73.77
145.06
118.31
7.67
115.49
188.09
36.97
134.41
146.34
28.91
107.53
26.99
121.66
60.57
113.62
97.49
110.23
57.56
67.28
114.77
24.78
30.46
61.01
21.35
165.08
149.45
20.36
57.31
28.58
17.06
71.58
49.65
159.92
112.85
77.35
63.69
29.55
138.92
67.57
126.28
103.13
73.23
27.21
32.4
162.73
38.11
61.51
59.22
156.02
156.16
68.58
137.88
68.06
131.84
67.65
154.97
65.3
53.38
9.58
15.28
38.22
19.08
86.92
11.87
28.11
63.63
18.94
46.28
21.39
13.04
8.59
87.26
89.74
135.0
20.01
21.54
19.53
29.81
58.12
26.78
36.64
122.77
16.81
121.35
147.81
35.22
32.6
167.4
33.13
16.75
16.75
11.44
63.55
108.71
18.81
143.86
12.56
9.1
144.08
21.91
136.87
86.84
27.36
14.92
141.03
109.51
27.8
52.26
60.38
37.52
142.73
125.59
140.33
106.62
14.13
18.73
61.96
37.82
13.92
42.05
66.43
97.0
21.41
134.35
35.05
107.44
107.68
27.43
24.1
110.21
19.03
10.46
122.28
32.01
35.24
8.03
61.57
31.02
30.95
66.65
73.11
55.7
78.8
35.16
39.09
19.34
8.09
70.6
31.15
10.27
96.0
57.77
74.68
71.81
111.02
30.79
136.9
44.51
76.06
32.39
11.87
18.75
7.52
28.99
19.32
67.97
10.12
56.54
123.65
86.06
84.04
131.3
46.7
49.95
56.46
44.55
58.11
63.56
21.78
67.38
20.74
78.25
30.6
19.38
68.06
164.47
141.51
25.21
140.17
81.25
127.43
17.08
20.57
118.17
17.74
31.16
99.82
7.24
144.4
69.25
68.91
21.54
135.32
18.09
9.46
53.24
16.24
69.34
62.99
69.09
113.37
22.04
117.98
60.39
127.59
15.34
52.8
145.55
44.67
97.4
15.06
102.63
27.57
72.27
23.49
120.14
107.89
100.98
10.14
22.39
167.83
183.63
58.75
129.99
13.05
26.16
25.4
52.69
11.69
68.9
38.64
31.37
20.55
141.58
20.16
68.73
16.29
35.33
111.31
12.51
9.66
141.82
70.74
75.49
64.27
71.31
79.95
98.77
69.77
149.36
21.35
18.35
58.98
72.85
149.22
7.41
21.18
57.78
59.56
51.83
26.55
103.21
117.28
107.5
106.23
22.13
76.53
124.38
56.16
54.27
68.87
46.7
11.5
141.23
54.66
71.22
23.12
55.2
134.61
7.22
74.62
9.25
9.21
44.93
28.3
11.21
53.55
68.6
25.85
78.05
139.04
111.09
60.61
46.5
20.96
178.54
57.81
34.59
67.0
22.53
134.17
64.71
24.19
9.07
18.35
33.24
15.03
137.2
9.02
13.68
79.97
115.57
14.24
20.76
144.63
147.03
167.54
73.21
68.98
28.45
37.42
126.82
116.65
7.26
25.24
34.03
81.98
65.18
55.9
127.56
20.33
10.04
24.62
14.14
23.59
18.96
65.81
19.63
7.56
14.07
8.91
54.94
18.97
17.77
77.23
27.28
124.87
8.27
138.0
52.93
15.94
45.08
61.49
15.16
70.97
82.43
63.5
74.73
113.12
11.7
77.08
27.59
49.93
39.87
15.5
54.08
65.98
21.74
119.02
63.25
11.26
129.59
123.48
59.37
29.32
35.53
96.69
14.1
57.35
58.92
6.23
128.14
132.08
21.94
64.79
11.52
95.05
70.84
48.3
33.21
21.14
68.25
161.51
129.28
22.62
28.97
23.41
155.24
113.72
20.67
60.55
22.73
105.13
113.15
133.88
11.47
42.53
70.73
26.87
17.31
24.77
100.43
28.29
16.54
12.69
43.98
155.2
59.93
58.56
107.57
96.22
25.19
57.23
59.5
55.77
55.55
59.24
20.03
23.77
22.06
70.77
41.09
74.78
67.03
18.01
128.07
109.75
47.92
64.59
58.46
139.9
12.69
105.32
127.37
12.68
36.94
20.82
99.92
25.74
16.09
41.86
65.75
70.84
30.27
61.37
121.66
58.91
135.14
136.63
76.97
8.66
27.16
13.02
140.75
92.45
12.99
100.39
35.3
37.27
84.05
75.92
22.56
63.98
25.44
24.96
53.86
77.79
23.78
93.55
25.47
17.83
10.67
78.84
123.98
120.51
47.67
67.43
134.14
115.58
129.24
53.88
159.4
22.71
11.14
49.88
64.72
77.71
29.27
18.81
12.5
9.26
31.15
14.42
58.4
115.13
22.51
55.39
146.99
76.17
46.21
61.29
26.91
9.2
92.19
59.36
30.03
31.53
59.89
9.86
65.81
11.17
100.23
15.54
32.29
70.0
32.59
16.35
77.98
9.45
169.6
129.63
138.19
63.64
29.63
18.44
29.03
142.89
114.23
63.12
50.28
37.01
28.01
13.91
20.15
8.02
128.69
24.28
107.84
14.4
21.4
23.09
153.88
92.35
130.05
8.01
63.62
72.5
14.35
47.53
74.32
32.22
13.13
77.83
12.34
56.07
166.44
11.29
56.14
57.73
17.5
17.32
144.62
81.19
108.71
31.02
29.88
18.96
165.55
54.0
66.24
44.53
9.06
131.6
42.5
124.36
16.1
61.66
135.44
19.23
13.52
118.67
26.33
31.16
61.99
41.98
8.08
63.84
25.4
80.05
136.44
122.27
21.21
67.84
139.18
50.92
53.19
158.1
150.13
18.45
98.46
14.24
64.15
38.54
112.26
157.17
160.35
19.32
66.18
69.08
26.39
23.5
21.84
58.35
105.52
126.71
106.9
26.62
21.92
127.18
14.68
149.38
10.79
122.09
115.3
111.02
134.35
95.96
32.53
24.56
13.75
9.63
13.2
39.34
115.1
28.57
113.14
70.84
28.7
7.88
25.27
20.03
65.4
145.82
5.07
8.38
134.43
17.7
14.82
15.35
18.14
54.1
34.29
28.48
18.56
104.57
103.52
63.87
81.37
149.99
45.76
64.33
129.08
19.08
55.65
110.72
73.95
122.19
19.51
7.32
168.71
145.13
132.49
13.94
134.69
32.1
31.42
136.02
100.46
10.09
58.68
58.89
77.8
34.9
24.44
28.02
53.38
9.38
124.54
55.17
18.51
56.31
110.53
63.17
113.89
155.25
66.98
10.73
73.21
20.37
52.67
67.95
152.33
52.99
113.64
11.65
31.32
29.38
80.13
153.66
119.68
72.43
57.21
10.04
64.88
23.73
14.49
63.21
38.08
12.47
19.61
13.89
13.47
11.1
40.42
114.33
153.48
144.06
175.03
29.11
152.25
14.02
112.89
18.24
124.62
21.0
165.99
67.01
37.87
104.8
66.72
50.12
27.45
14.31
29.85
17.19
61.11
122.67
116.07
6.92
138.17
93.8
16.19
27.43
59.26
144.26
108.85
65.33
14.56
113.32
23.41
130.71
36.07
153.66
97.75
11.26
18.17
69.15
34.27
122.78
34.08
67.58
10.46
19.9
32.87
137.51
21.96
85.01
62.72
120.73
61.41
109.66
158.87
129.27
14.76
136.48
61.2
43.47
7.68
132.38
19.37
30.79
52.86
40.45
18.76
45.17
24.45
128.45
66.54
39.41
30.43
12.58
30.92
123.29
10.94
51.94
120.59
163.77
42.19
63.83
137.16
31.29
21.48
15.5
10.29
114.82
36.53
57.5
166.76
27.06
20.76
15.9
39.34
129.51
147.02
34.11
40.37
55.42
10.77
35.2
15.58
11.14
7.32
104.3
11.47
137.12
107.93
59.7
66.39
127.78
19.72
129.17
113.85
53.07
115.06
147.07
128.08
11.49
49.38
9.85
37.17
8.17
67.24
127.06
7.67
49.38
123.13
24.4
26.37
53.91
61.04
162.81
109.48
14.15
108.7
63.69
24.64
7.71
14.59
30.08
146.22
21.52
41.45
69.07
172.37
9.04
146.03
56.75
65.53
44.43
9.66
54.64
9.25
135.0
111.53
62.19
135.6
20.77
143.36
69.33
37.1
71.7
131.06
30.81
96.58
127.54
107.99
59.34
130.86
115.18
19.97
153.83
86.83
10.8
10.91
47.55
152.49
64.3
45.65
119.84
159.39
138.42
42.38
27.94
15.35
27.49
62.25
109.09
59.9
64.9
120.04
9.4
10.66
97.1
9.68
116.43
132.26
133.02
76.17
68.13
16.57
68.61
79.35
37.78
19.57
103.98
46.1
80.14
59.23
38.8
16.36
135.06
56.04
32.46
61.49
74.52
130.74
148.15
38.62
109.45
132.46
25.4
9.28
122.51
29.8
11.09
28.57
127.3
9.86
15.84
153.44
133.82
71.79
159.69
19.19
17.78
55.08
138.06
151.18
116.48
70.25
20.25
77.79
23.72
13.57
120.33
43.93
130.42
69.69
18.91
116.55
133.38
32.47
36.09
100.17
69.36
59.29
69.44
144.33
26.13
17.13
128.69
57.8
123.2
115.38
129.28
134.5
146.76
150.03
116.61
68.05
112.73
73.49
20.83
102.91
110.91
12.13
62.69
87.1
75.58
127.08
51.7
23.64
18.73
17.96
52.67
122.15
65.88
108.76
114.4
16.12
10.53
12.5
76.34
110.02
130.57
42.93
12.54
129.27
80.39
131.98
63.6
31.68
46.34
101.52
34.31
30.65
117.2
15.53
112.41
66.34
74.4
32.04
26.91
39.36
64.73
35.87
87.64
32.34
80.15
116.71
78.52
36.48
49.21
30.23
117.85
66.21
120.16
71.32
117.37
123.69
11.75
63.86
81.91
80.76
132.36
20.3
31.41
12.15
28.07
10.51
118.37
19.7
7.47
72.38
126.53
102.76
59.28
167.64
113.88
135.8
13.9
23.87
163.48
113.74
40.71
125.8
8.69
12.73
84.23
86.18
46.86
50.66
67.13
110.67
83.05
127.63
57.71
9.87
7.88
72.6
61.09
29.98
17.95
47.62
40.56
32.81
127.54
6.82
144.31
124.93
83.56
68.2
30.23
109.32
145.03
58.52
45.32
113.12
138.88
62.99
143.81
116.74
72.54
65.28
31.88
148.02
117.64
63.93
75.75
100.9
29.87
103.08
120.21
26.43
53.52
14.75
59.29
65.14
41.61
7.03
14.36
49.35
25.58
114.02
72.2
10.41
51.63
133.95
14.72
62.88
29.95
23.49
44.27
125.3
23.37
10.45
20.12
134.02
139.45
130.87
9.17
112.15
27.58
13.36
115.39
122.43
48.19
65.15
110.01
111.66
72.25
115.56
128.49
117.5
111.54
115.51
62.28
72.33
73.34
22.5
145.41
22.97
177.49
101.3
66.18
71.9
128.95
64.11
55.06
51.6
61.62
57.35
25.17
8.78
14.32
76.12
28.69
68.31
98.66
47.09
63.14
128.71
57.81
103.08
51.66
58.47
32.78
121.7
52.18
49.54
112.39
137.25
123.12
97.08
112.43
116.42
119.71
136.29
74.38
115.58
128.48
141.4
25.25
24.85
35.16
60.43
10.04
9.26
52.92
151.49
105.42
68.59
15.76
52.56
34.08
85.63
14.65
16.72
150.44
81.87
75.24
104.51
10.9
29.59
137.07
86.41
22.24
22.85
17.1
125.26
113.79
19.45
69.19
98.45
115.47
115.47
18.74
118.6
18.03
131.17
147.49
136.69
62.35
15.96
101.58
17.41
91.43
23.54
22.41
9.31
120.16
25.57
114.14
22.91
8.3
59.32
141.76
79.68
107.34
122.5
72.74
22.09
49.45
96.1
14.24
11.38
129.78
86.13
123.14
131.52
64.63
85.0
115.61
13.63
117.64
55.06
126.0
62.08
58.61
108.53
13.93
72.21
111.83
34.12
19.14
17.36
4.8
132.26
58.87
15.13
21.66
21.21
126.09
107.72
55.42
124.61
8.14
131.99
46.77
88.69
121.41
141.66
9.42
43.33
139.02
24.33
20.93
73.76
33.07
12.58
106.15
24.67
137.54
97.6
8.18
48.49
19.17
26.37
13.52
9.44
42.62
27.98
128.67
48.17
8.21
61.47
57.05
110.26
34.31
8.11
21.5
42.57
22.17
48.16
14.04
27.25
130.01
88.22
18.33
47.9
130.62
12.42
12.14
106.37
54.87
139.89
78.85
54.6
18.16
40.9
24.43
40.95
136.16
103.66
68.72
153.08
12.65
137.4
100.96
106.47
58.14
10.34
113.72
93.68
118.17
64.51
61.01
117.26
103.14
105.42
76.61
29.58
70.16
78.81
109.08
8.63
110.69
26.83
142.21
109.78
115.01
28.61
54.04
58.11
17.98
46.86
139.25
41.97
16.61
67.99
82.46
101.04
113.19
71.71
120.47
76.77
129.96
8.23
65.24
10.26
118.25
103.46
120.24
111.07
112.06
62.36
5.44
49.63
32.93
120.47
72.35
71.54
94.95
119.32
32.68
111.02
56.12
37.01
60.95
106.26
61.71
31.31
123.34
96.67
140.1
32.4
98.77
65.2
18.01
42.5
97.46
11.28
38.15
55.76
91.85
33.14
111.03
52.06
113.35
52.42
8.48
27.79
23.31
89.23
68.74
129.71
125.14
126.9
18.02
49.52
24.87
10.36
98.88
72.66
36.15
63.1
69.06
39.4
70.8
104.26
21.13
62.17
21.43
94.23
34.53
10.51
105.74
157.91
30.26
130.54
138.96
117.45
14.39
54.05
11.06
47.42
37.77
125.89
21.13
13.67
56.51
40.61
26.94
65.82
9.2
15.35
145.81
32.89
97.15
10.06
18.01
100.13
39.61
85.37
115.5
134.73
46.14
126.87
97.25
115.84
20.61
59.84
48.27
122.3
16.78
118.27
76.25
72.15
22.79
14.78
97.83
117.21
84.58
18.07
65.54
104.75
60.3
18.85
94.2
10.71
111.27
20.22
109.45
32.52
113.96
34.13
34.21
21.4
14.94
105.16
142.03
96.29
31.5
69.53
120.09
20.24
18.45
35.68
47.59
28.9
122.12
48.46
117.37
57.66
23.04
22.77
123.64
116.46
88.12
52.59
22.61
74.47
10.91
12.39
111.82
150.91
110.93
127.93
69.23
76.65
27.59
93.12
18.21
93.37
39.02
32.72
147.13
79.59
23.01
104.54
79.77
120.79
115.36
38.95
44.38
127.01
21.85
62.7
132.27
55.81
27.06
106.28
47.41
29.59
90.69
101.36
126.23
141.72
75.89
109.28
12.91
69.57
13.35
104.5
83.99
95.89
56.1
19.39
8.26
106.35
122.89
19.66
109.65
66.85
54.32
9.86
136.07
112.68
95.95
29.43
9.24
101.27
56.9
110.48
29.54
28.68
79.03
109.25
20.01
128.85
11.87
13.98
18.24
107.48
66.0
126.37
19.44
67.69
76.55
12.13
23.79
37.4
25.64
21.21
94.18
24.82
129.31
28.27
8.1
18.15
65.66
125.53
66.84
98.75
120.14
106.31
49.62
65.39
140.74
20.97
129.7
71.74
26.88
15.77
89.95
10.89
33.54
6.44
90.13
120.28
13.06
109.97
134.66
126.18
33.63
62.42
86.8
103.32
92.4
14.1
23.83
81.6
108.92
108.83
134.65
119.92
134.41
8.31
123.88
113.97
60.65
130.73
12.4
8.58
92.02
63.34
101.31
116.72
113.07
14.42
78.17
116.31
7.25
94.61
117.22
118.23
70.73
109.32
93.4
46.53
61.12
125.21
67.74
78.33
30.65
102.71
21.2
104.89
109.55
25.22
109.15
111.17
122.56
19.0
67.19
115.42
14.32
122.98
104.75
7.44
56.1
40.32
60.84
123.18
124.27
124.72
116.98
125.37
115.12
24.94
109.17
6.87
119.91
28.18
19.47
16.6
36.0
158.74
38.31
8.52
20.42
50.96
105.4
27.07
108.16
89.15
110.78
29.85
14.95
4.66
10.27
65.64
53.05
127.13
46.88
92.64
72.07
111.85
48.88
122.56
110.77
120.59
108.87
98.3
40.04
9.31
85.84
63.35
10.87
65.69
108.74
109.76
62.69
85.92
28.29
79.66
76.93
113.43
94.8
64.55
118.69
27.19
68.24
94.89
127.16
121.13
71.78
69.44
117.8
27.23
50.86
23.68
50.52
51.45
21.93
113.12
130.3
88.33
20.85
101.56
23.73
23.84
110.0
121.54
75.24
113.96
125.7
115.4
15.57
109.02
117.75
101.3
63.97
13.99
68.45
74.22
11.04
16.37
120.07
19.35
27.05
17.91
68.82
104.44
116.94
128.28
79.16
30.29
14.96
115.24
20.13
78.77
54.41
114.45
124.29
118.84
108.26
32.21
26.25
71.92
132.79
130.67
38.42
67.69
71.37
78.16
17.63
88.43
36.13
14.02
113.41
123.16
59.97
105.22
105.83
6.23
113.61
111.4
9.92
29.12
138.3
8.29
104.42
38.36
20.2
44.71
59.92
23.71
23.31
136.68
56.61
77.81
53.12
85.13
118.0
62.72
72.27
126.23
13.55
93.29
57.15
18.39
21.0
126.26
17.16
57.95
128.49
38.62
9.83
56.99
82.16
94.54
36.62
93.76
118.44
102.53
72.23
107.35
121.77
98.72
51.04
140.14
113.62
64.95
23.07
11.25
62.14
52.33
105.84
110.45
121.96
22.63
22.81
53.81
59.27
128.62
24.21
125.1
40.21
100.37
53.65
112.0
25.66
18.67
104.38
18.56
131.01
124.27
21.38
38.59
110.09
27.58
48.32
90.46
42.04
148.49
134.34
26.7
8.71
105.33
26.49
87.11
9.92
10.18
89.94
112.01
62.05
77.48
133.26
75.38
25.18
55.31
25.72
21.29
19.6
89.55
97.16
112.84
59.24
36.77
94.05
136.83
117.45
107.12
105.44
12.37
26.89
29.96
99.96
13.13
16.92
20.8
27.14
13.19
117.55
128.94
44.2
97.16
75.22
31.32
122.31
35.73
124.74
6.89
83.56
24.83
125.01
25.55
71.64
42.11
76.66
28.31
101.07
12.21
69.81
64.28
64.84
63.01
27.41
7.3
96.65
30.4
121.48
45.21
74.68
22.31
20.35
117.05
58.49
61.67
112.77
61.32
55.35
64.69
7.1
85.6
78.15
42.67
109.63
109.12
74.24
11.54
75.34
67.65
39.99
24.19
76.8
134.8
122.09
24.75
34.05
110.36
121.34
96.95
24.05
78.09
24.0
79.16
76.93
41.9
30.41
41.66
118.8
100.94
7.82
17.51
35.71
57.88
97.16
70.99
23.02
122.08
127.79
21.68
102.24
15.96
96.16
110.7
127.14
123.11
33.56
119.52
124.27
16.1
60.67
121.65
23.85
112.89
71.69
8.71
63.48
66.88
56.59
110.18
36.26
19.42
94.65
25.18
93.53
29.92
32.56
133.96
29.95
92.76
14.85
148.0
16.63
24.03
14.21
62.89
21.84
109.33
61.46
7.9
122.75
91.62
72.16
8.64
97.07
70.43
120.36
58.1
30.87
34.68
67.46
44.27
114.85
81.7
12.09
50.97
82.08
96.82
27.84
109.56
113.19
98.52
51.54
72.01
34.32
14.44
134.19
24.64
55.9
33.5
115.41
106.05
21.15
59.99
46.41
65.12
20.31
15.38
20.76
100.92
30.53
10.46
49.86
22.72
72.57
58.28
18.61
116.78
118.45
99.42
96.48
20.37
128.89
20.19
16.5
130.27
126.61
127.13
75.37
75.53
115.61
73.57
43.57
49.03
19.59
109.78
118.82
32.22
23.85
62.2
10.06
11.71
119.7
64.52
91.61
80.38
156.35
9.67
24.75
61.26
25.93
124.89
52.91
85.15
107.4
24.11
9.04
35.81
29.67
94.86
23.4
114.47
17.39
7.91
19.12
137.84
56.09
131.4
130.97
60.57
149.98
75.77
18.28
60.51
22.15
47.47
111.03
117.48
53.51
11.1
116.89
125.26
107.86
60.28
9.3
24.16
79.12
26.68
11.92
95.35
107.94
114.44
99.01
48.1
83.19
33.37
108.03
112.56
116.91
109.69
67.03
97.35
8.15
120.87
114.01
115.75
117.88
126.81
16.98
28.4
22.96
16.26
132.49
21.68
131.72
35.72
19.16
126.81
12.17
16.69
75.74
34.25
134.29
23.2
107.73
22.55
63.55
19.65
42.38
12.8
94.21
112.23
18.81
32.93
75.47
20.81
98.73
118.11
37.47
8.8
127.66
76.3
32.12
99.05
122.0
123.91
119.03
29.35
32.96
105.34
69.64
85.46
32.27
19.85
108.15
20.66
122.55
113.9
8.91
107.07
48.36
119.23
32.8
11.03
9.98
53.28
114.64
138.3
25.87
33.54
47.48
37.72
116.57
91.25
132.27
32.68
13.11
53.85
135.19
36.81
103.48
59.59
54.85
124.21
21.92
108.55
62.34
114.34
113.95
37.83
72.41
31.73
52.31
55.54
41.44
18.46
63.0
41.34
113.12
51.02
111.18
35.83
50.64
25.29
144.31
110.59
109.19
105.25
110.68
115.74
140.98
30.51
114.76
128.4
100.0
13.8
107.23
32.84
123.08
15.43
122.55
106.93
21.79
123.71
59.59
119.33
115.43
106.26
104.89
123.79
58.46
92.68
22.05
32.89
117.39
19.65
129.47
43.59
34.18
61.41
16.25
9.23
19.24
120.37
93.09
42.82
8.31
58.87
11.22
96.44
34.81
75.64
126.14
120.36
27.56
130.72
9.24
28.96
104.72
114.72
39.63
127.47
94.5
9.66
122.23
22.55
61.68
76.77
75.55
111.65
102.85
10.34
25.73
24.64
111.63
132.31
60.79
132.41
103.05
108.13
114.07
14.12
79.08
69.29
124.13
158.06
105.29
51.9
28.38
101.05
96.89
63.8
10.05
53.0
80.69
101.53
120.19
8.82
124.13
55.35
124.53
137.68
116.02
142.14
40.23
106.42
11.51
31.53
122.02
18.82
102.82
43.18
19.47
111.59
120.85
63.33
27.35
10.34
9.23
59.54
99.99
116.12
24.38
27.3
74.12
81.06
116.28
114.94
136.06
104.07
110.02
58.48
56.85
125.61
124.14
119.81
49.01
36.74
132.79
36.21
8.08
45.63
65.59
21.96
12.82
61.26
27.96
27.79
7.83
96.36
70.99
139.28
31.46
45.42
9.18
135.54
9.58
44.67
66.35
100.11
