-244.0
-625.0
-282.0
-489.0
-242.0
-984.0
-290.0
-604.0
-547.0
-789.0
-277.0
-253.0
-248.0
-309.0
-232.0
-445.0
-192.0
-284.0
-515.0
-277.0
-526.0
-296.0
-239.0
-254.0
-579.0
-283.0
-652.0
-503.0
-795.0
-119.0
-827.0
-682.0
-148.0
-74.0
-167.0
-25.0
-137.0
-175.0
-154.0
-119.0
-131.0
-599.0
-30.0
-426.0
26.0
-77.0
-86.0
-81.0
-251.0
-195.0
-91.0
-229.0
-146.0
-192.0
-185.0
-180.0
-122.0
-200.0
-139.0
-165.0
-232.0
-193.0
-43.0
-61.0
-232.0
-130.0
-93.0
-100.0
-53.0
-171.0
-306.0
-260.0
-60.0
-58.0
-65.0
-131.0
-109.0
-75.0
-152.0
-145.0
-123.0
-103.0
-134.0
-106.0
-70.0
-137.0
-54.0
-52.0
-128.0
-73.0
-145.0
-53.0
-192.0
-54.0
-148.0
-59.0
170.0
-65.0
-154.0
-243.0
-44.0
-87.0
-142.0
-3.0
-65.0
-147.0
-66.0
-63.0
-24.0
-40.0
-120.0
-27.0
-116.0
-125.0
-15.0
-148.0
144.0
-77.0
-276.0
-150.0
-47.0
-148.0
-54.0
-119.0
-147.0
-63.0
-131.0
-84.0
-99.0
-151.0
-129.0
-66.0
-122.0
110.0
-39.0
-125.0
-100.0
-122.0
-31.0
-145.0
-79.0
-122.0
-43.0
-122.0
-124.0
-52.0
-116.0
-34.0
-52.0
-489.0
-156.0
-136.0
-18.0
-67.0
-93.0
-29.0
112.0
-74.0
-53.0
-96.0
-215.0
-59.0
-66.0
-209.0
-124.0
-126.0
-418.0
-107.0
-50.0
-21.0
-89.0
24.0
-23.0
-121.0
-10.0
-37.0
51.0
-139.0
-127.0
-65.0
-62.0
187.0
29.0
7.0
-21.0
-46.0
-121.0
-112.0
-140.0
-89.0
-37.0
9.0
-21.0
-128.0
-46.0
17.0
-146.0
-24.0
-15.0
-35.0
-30.0
-24.0
20.0
105.0
4.0
-120.0
63.0
-28.0
-15.0
-136.0
-120.0
-46.0
143.0
-82.0
-122.0
293.0
33.0
-18.0
-52.0
-52.0
11.0
-104.0
15.0
-60.0
134.0
-43.0
-2.0
-49.0
-39.0
-61.0
-121.0
-120.0
91.0
-39.0
8.0
203.0
632.0
83.0
76.0
-67.0
-122.0
-119.0
-62.0
-84.0
217.0
-73.0
250.0
32.0
-122.0
-384.0
-65.0
-22.0
48.0
-44.0
-108.0
3.0
238.0
-19.0
-126.0
-43.0
99.0
108.0
-145.0
-1.0
-62.0
-109.0
91.0
-86.0
620.0
-58.0
7.0
-68.0
313.0
188.0
-86.0
71.0
-75.0
66.0
174.0
-69.0
16.0
-62.0
563.0
15.0
29.0
-52.0
-64.0
72.0
-72.0
-63.0
82.0
188.0
-119.0
308.0
-54.0
-57.0
118.0
80.0
203.0
-59.0
-54.0
-35.0
36.0
-139.0
-60.0
-51.0
-48.0
-28.0
2.84217094304e-14
158.0
29.0
144.0
-49.0
-52.0
111.0
96.0
-28.0
40.0
44.0
65.0
76.0
-150.0
-67.0
43.0
87.0
-66.0
-53.0
-124.0
100.0
-91.0
13.0
61.0
38.0
-64.0
-9.0
-66.0
406.0
10.0
290.0
238.0
676.0
205.0
-30.0
-129.0
659.0
-117.0
26.0
-42.0
-92.0
485.0
-56.0
614.0
-3.0
12.0
-53.0
166.0
200.0
-43.0
307.0
-69.0
98.0
-29.0
-66.0
-74.0
652.0
606.0
137.0
-164.0
14.0
-39.0
-28.0
-125.0
341.0
187.0
689.0
287.0
7.0
-62.0
625.0
-144.0
390.0
53.0
-26.0
-21.0
139.0
207.0
-78.0
496.0
53.0
27.0
-42.0
-59.0
-36.0
1.0
-62.0
-63.0
-58.0
-137.0
518.0
-103.0
-42.0
-4.0
6.0
-97.0
135.0
-42.0
216.0
-41.0
-4.0
-117.0
-84.0
200.0
176.0
-79.0
-109.0
50.0
-139.0
-139.0
-33.0
-169.0
-124.0
-64.0
-55.0
-146.0
-349.0
-132.0
-42.0
-246.0
330.0
-40.0
-94.0
-52.0
-172.0
-347.0
-135.0
-202.0
-574.0
-162.0
-146.0
-104.0
-73.0
-469.0
86.0
27.0
51.0
-54.0
-284.0
261.0
-218.0
-232.0
-160.0
-217.0
-130.0
-69.0
-63.0
-11.0
-19.0
-157.0
-96.0
-128.0
-50.0
-137.0
-119.0
-195.0
-173.0
-157.0
-463.0
-121.0
45.0
-209.0
-375.0
123.0
-23.0
-524.0
41.0
-36.0
211.0
508.0
-134.0
-191.0
263.0
160.0
-60.0
292.0
-80.0
-121.0
257.0
-18.0
78.0
-133.0
205.0
27.0
-3.0
207.0
599.0
551.0
-160.0
-109.0
-55.0
-156.0
-50.0
-46.0
164.0
83.0
-150.0
-27.0
77.0
152.0
-124.0
-86.0
-39.0
100.0
198.0
-88.0
102.0
533.0
244.0
123.0
-61.0
191.0
230.0
-53.0
-126.0
101.0
604.0
35.0
-42.0
276.0
-69.0
-146.0
-29.0
420.0
75.0
-29.0
17.0
-53.0
490.0
289.0
-47.0
90.0
19.0
160.0
232.0
566.0
234.0
571.0
640.0
600.0
288.0
-68.0
-20.0
-41.0
-56.0
-5.0
89.0
-54.0
55.0
155.0
312.0
-77.0
-76.0
-92.0
-86.0
381.0
40.0
-30.0
220.0
-20.0
-48.0
-64.0
-30.0
-46.0
593.0
-73.0
-41.0
21.0
631.0
360.0
583.0
2.0
197.0
-147.0
-56.0
-132.0
-63.0
198.0
118.0
32.0
304.0
144.0
48.0
-1.0
547.0
46.0
8.0
-129.0
-93.0
204.0
74.0
-82.0
-39.0
-111.0
-149.0
-120.0
-82.0
515.0
-177.0
5.0
414.0
36.0
-150.0
49.0
-58.0
180.0
-37.0
19.0
-29.0
-116.0
-39.0
108.0
63.0
77.0
29.0
76.0
-23.0
-197.0
-96.0
27.0
-168.0
-93.0
58.0
49.0
-81.0
491.0
17.0
-38.0
11.0
-42.0
174.0
-66.0
88.0
-76.0
-69.0
-10.0
228.0
-43.0
-64.0
299.0
-22.0
-58.0
8.0
-129.0
-141.0
227.0
-31.0
-123.0
-138.0
-88.0
-49.0
-130.0
-78.0
-24.0
-135.0
535.0
132.0
137.0
-128.0
-250.0
-117.0
-21.0
-69.0
-73.0
-159.0
289.0
-39.0
139.0
196.0
3.0
-56.0
-326.0
-115.0
70.0
-46.0
559.0
128.0
-33.0
-67.0
-135.0
52.0
55.0
202.0
-185.0
-42.0
-28.0
184.0
274.0
-64.0
-30.0
-118.0
-7.0
-5.0
191.0
-123.0
-30.0
188.0
-23.0
-15.0
22.0
5.0
-61.0
-66.0
-4.0
-65.0
-56.0
107.0
-26.0
-30.0
-65.0
41.0
-105.0
291.0
-135.0
-83.0
-122.0
41.0
247.0
-42.0
-76.0
118.0
-135.0
-257.0
-20.0
-129.0
-114.0
-97.0
-242.0
-69.0
35.0
149.0
-193.0
-86.0
-120.0
17.0
65.0
-122.0
-57.0
-73.0
2.84217094304e-14
61.0
4.0
215.0
-98.0
164.0
-191.0
-62.0
9.0
-124.0
375.0
-157.0
-364.0
-137.0
-26.0
-62.0
-206.0
305.0
430.0
-107.0
294.0
-53.0
78.0
-56.0
-44.0
34.0
-115.0
-148.0
-168.0
-60.0
-85.0
-63.0
-40.0
-175.0
-44.0
357.0
-52.0
-110.0
244.0
8.0
-161.0
186.0
-155.0
-100.0
-130.0
208.0
-135.0
28.0
-7.0
113.0
-41.0
3.0
-72.0
-169.0
-165.0
-55.0
-67.0
-81.0
54.0
93.0
252.0
-129.0
-63.0
-50.0
-55.0
-59.0
-98.0
-113.0
-132.0
-81.0
-123.0
-26.0
-159.0
-57.0
-125.0
-64.0
-142.0
-194.0
-45.0
124.0
-51.0
7.0
-143.0
-76.0
-129.0
-59.0
-1.0
116.0
-82.0
141.0
-22.0
-187.0
-16.0
-79.0
-122.0
565.0
-8.0
-84.0
37.0
-4.0
-166.0
141.0
-66.0
55.0
26.0
37.0
99.0
-38.0
111.0
-62.0
-3.0
-18.0
-97.0
-96.0
92.0
109.0
-185.0
-23.0
-16.0
-71.0
31.0
-112.0
60.0
-89.0
-90.0
169.0
57.0
-68.0
26.0
119.0
-128.0
-20.0
-155.0
118.0
-15.0
-63.0
18.0
-297.0
-33.0
92.0
-70.0
132.0
-400.0
-91.0
-66.0
-119.0
-21.0
-138.0
-96.0
-127.0
-53.0
-90.0
-94.0
-99.0
-145.0
17.0
-138.0
-102.0
-160.0
-49.0
-45.0
-126.0
-213.0
-74.0
-40.0
185.0
-123.0
-16.0
97.0
-64.0
-151.0
-66.0
-134.0
-22.0
-33.0
-61.0
116.0
154.0
30.0
-54.0
-73.0
-86.0
-113.0
430.0
-154.0
-26.0
-138.0
-70.0
-5.0
-74.0
106.0
4.0
170.0
-12.0
116.0
-67.0
-120.0
-44.0
60.0
0.0
-66.0
14.0
-12.0
-127.0
153.0
85.0
-51.0
9.0
27.0
95.0
-116.0
-77.0
-172.0
7.0
-19.0
133.0
-151.0
-135.0
169.0
26.0
-54.0
107.0
345.0
-99.0
25.0
591.0
-71.0
-50.0
-135.0
-44.0
72.0
-137.0
-156.0
-56.0
-51.0
-58.0
-102.0
121.0
-153.0
22.0
119.0
-52.0
-65.0
-31.0
-131.0
72.0
59.0
-30.0
-62.0
38.0
1.0
-50.0
-140.0
112.0
-156.0
-9.0
-152.0
-54.0
-21.0
-26.0
-48.0
359.0
-85.0
132.0
-12.0
-120.0
160.0
73.0
-25.0
-25.0
-25.0
66.0
-4.0
43.0
-65.0
-90.0
-38.0
-43.0
-10.0
-76.0
619.0
297.0
363.0
72.0
149.0
213.0
-53.0
3.0
-53.0
34.0
53.0
-40.0
-7.0
347.0
599.0
651.0
-40.0
-82.0
191.0
280.0
-123.0
247.0
-187.0
505.0
532.0
89.0
-48.0
305.0
-71.0
541.0
-72.0
139.0
-153.0
-35.0
-38.0
124.0
-34.0
66.0
93.0
-72.0
-192.0
155.0
-69.0
77.0
80.0
-13.0
-43.0
-137.0
108.0
25.0
45.0
156.0
-55.0
525.0
414.0
-55.0
130.0
-171.0
10.0
-176.0
202.0
131.0
-272.0
318.0
596.0
539.0
10.0
68.0
30.0
534.0
-67.0
-73.0
-222.0
-142.0
59.0
295.0
15.0
564.0
-93.0
-72.0
-147.0
-10.0
-72.0
16.0
377.0
270.0
302.0
490.0
514.0
-128.0
-4.0
-103.0
6.0
132.0
75.0
-120.0
-23.0
298.0
-66.0
83.0
1.0
-58.0
-109.0
-46.0
234.0
-49.0
-98.0
490.0
-28.0
-91.0
123.0
-55.0
-99.0
31.0
144.0
-142.0
-52.0
-14.0
595.0
447.0
457.0
36.0
-149.0
-91.0
-128.0
424.0
-51.0
561.0
-137.0
40.0
-153.0
-35.0
-162.0
-155.0
19.0
10.0
598.0
-75.0
-4.0
215.0
47.0
172.0
-70.0
189.0
-96.0
-41.0
72.0
153.0
-59.0
16.0
60.0
-154.0
39.0
-94.0
-183.0
347.0
387.0
-120.0
-151.0
-99.0
-18.0
76.0
-82.0
99.0
215.0
127.0
268.0
-2.0
42.0
182.0
40.0
-97.0
-10.0
-60.0
-37.0
-11.0
-144.0
70.0
-151.0
81.0
-148.0
69.0
-2.0
-123.0
3.0
-148.0
-86.0
-17.0
66.0
-64.0
213.0
511.0
-162.0
204.0
36.0
136.0
10.0
-54.0
-80.0
-49.0
23.0
282.0
-215.0
-34.0
-11.0
-180.0
128.0
-22.0
90.0
389.0
-3.0
-47.0
-157.0
-67.0
-41.0
417.0
70.0
19.0
-37.0
-148.0
-80.0
121.0
-231.0
136.0
-144.0
-142.0
-157.0
-122.0
8.0
390.0
-30.0
109.0
-49.0
-141.0
81.0
-39.0
-177.0
118.0
-159.0
-131.0
-101.0
-124.0
76.0
-98.0
-90.0
8.0
-127.0
-241.0
-103.0
-158.0
23.0
-52.0
-66.0
309.0
-80.0
434.0
-35.0
-97.0
-133.0
-106.0
120.0
-225.0
-157.0
95.0
-26.0
-102.0
-134.0
247.0
134.0
46.0
25.0
59.0
-183.0
-74.0
-48.0
319.0
-27.0
-45.0
-119.0
35.0
312.0
12.0
100.0
49.0
-112.0
-59.0
-143.0
-76.0
-60.0
581.0
-67.0
-48.0
-47.0
346.0
223.0
250.0
128.0
-71.0
195.0
-120.0
125.0
-43.0
95.0
-87.0
582.0
376.0
627.0
353.0
-57.0
73.0
-124.0
711.0
-155.0
697.0
125.0
642.0
-95.0
627.0
227.0
239.0
-45.0
8.0
-136.0
634.0
-126.0
140.0
17.0
-94.0
230.0
44.0
-133.0
223.0
-101.0
14.0
25.0
51.0
225.0
715.0
-114.0
226.0
-113.0
-70.0
-138.0
-138.0
-120.0
-127.0
-141.0
90.0
-43.0
-14.0
580.0
259.0
-133.0
-36.0
-43.0
47.0
39.0
88.0
68.0
-67.0
-24.0
203.0
-138.0
172.0
176.0
324.0
94.0
-73.0
-83.0
-120.0
-97.0
-115.0
-39.0
101.0
-102.0
-34.0
32.0
68.0
395.0
52.0
-119.0
38.0
-47.0
6.0
-57.0
-29.0
-54.0
590.0
-134.0
614.0
137.0
304.0
-164.0
-58.0
-4.0
-131.0
151.0
-133.0
101.0
19.0
-28.0
38.0
-20.0
-48.0
-100.0
416.0
402.0
600.0
-125.0
328.0
-61.0
66.0
-90.0
148.0
36.0
-72.0
274.0
5.0
-82.0
-48.0
333.0
397.0
-67.0
-115.0
74.0
-21.0
-21.0
40.0
-65.0
52.0
59.0
70.0
-19.0
-131.0
55.0
-134.0
143.0
-157.0
419.0
-1.0
-159.0
-53.0
-137.0
195.0
-192.0
12.0
-25.0
-132.0
305.0
-10.0
-58.0
525.0
-45.0
17.0
-24.0
-60.0
136.0
53.0
-81.0
-91.0
139.0
20.0
-133.0
-145.0
-40.0
-122.0
146.0
-113.0
300.0
-80.0
598.0
-158.0
-130.0
534.0
106.0
500.0
-41.0
-90.0
228.0
-133.0
-37.0
-51.0
-112.0
390.0
360.0
190.0
640.0
-96.0
468.0
8.0
-2.0
82.0
-49.0
-123.0
386.0
-34.0
-152.0
647.0
191.0
-72.0
-50.0
24.0
-104.0
40.0
116.0
32.0
141.0
167.0
357.0
106.0
41.0
-73.0
211.0
11.0
-126.0
47.0
-42.0
-57.0
27.0
48.0
492.0
11.0
56.0
57.0
104.0
238.0
-65.0
666.0
387.0
50.0
-81.0
101.0
200.0
26.0
394.0
85.0
238.0
36.0
529.0
394.0
39.0
-43.0
-156.0
-36.0
245.0
239.0
77.0
25.0
244.0
291.0
284.0
72.0
-211.0
75.0
585.0
-9.0
-49.0
-57.0
49.0
387.0
7.0
357.0
73.0
636.0
102.0
429.0
70.0
416.0
102.0
38.0
149.0
65.0
4.0
206.0
-70.0
-147.0
334.0
-32.0
-44.0
-114.0
213.0
698.0
-56.0
65.0
721.0
-120.0
-47.0
7.0
342.0
146.0
124.0
2.0
-2.0
61.0
-59.0
697.0
397.0
523.0
20.0
396.0
37.0
-42.0
24.0
-71.0
121.0
-155.0
-116.0
129.0
228.0
-54.0
-64.0
228.0
18.0
-190.0
407.0
369.0
2.0
29.0
-35.0
-66.0
330.0
241.0
313.0
174.0
668.0
146.0
574.0
102.0
346.0
152.0
-122.0
646.0
440.0
-115.0
375.0
123.0
-85.0
-82.0
51.0
403.0
386.0
-78.0
89.0
237.0
119.0
375.0
-55.0
118.0
-66.0
-78.0
95.0
-62.0
84.0
61.0
-72.0
-21.0
3.0
-46.0
163.0
30.0
-31.0
53.0
-49.0
104.0
5.0
157.0
138.0
175.0
236.0
393.0
42.0
214.0
478.0
-41.0
-95.0
46.0
-133.0
-67.0
-57.0
-26.0
261.0
94.0
408.0
-69.0
-48.0
-130.0
-51.0
49.0
322.0
456.0
-144.0
-17.0
330.0
620.0
-54.0
595.0
690.0
121.0
576.0
-77.0
126.0
-45.0
-100.0
208.0
-34.0
128.0
607.0
246.0
709.0
195.0
236.0
-22.0
351.0
-38.0
-49.0
-23.0
-56.0
-27.0
-46.0
-49.0
-62.0
-31.0
-80.0
412.0
-52.0
-64.0
98.0
-54.0
576.0
26.0
695.0
196.0
-102.0
572.0
-10.0
625.0
-45.0
154.0
147.0
-129.0
643.0
-58.0
98.0
629.0
159.0
590.0
17.0
26.0
5.68434188608e-14
30.0
130.0
629.0
-137.0
-123.0
203.0
220.0
170.0
23.0
159.0
-65.0
113.0
-54.0
-216.0
182.0
124.0
30.0
-142.0
-50.0
-69.0
41.0
32.0
603.0
-14.0
93.0
33.0
94.0
429.0
-29.0
-14.0
-20.0
-66.0
15.0
316.0
-86.0
87.0
-176.0
-163.0
144.0
54.0
244.0
-40.0
655.0
-44.0
377.0
63.0
615.0
-88.0
185.0
236.0
-119.0
346.0
364.0
-17.0
-83.0
601.0
-26.0
246.0
39.0
296.0
-118.0
-46.0
-12.0
78.0
98.0
614.0
-97.0
-57.0
332.0
135.0
388.0
-141.0
82.0
27.0
84.0
-125.0
569.0
-30.0
-7.0
19.0
155.0
75.0
130.0
152.0
308.0
45.0
-38.0
-3.0
-10.0
-68.0
37.0
551.0
13.0
274.0
223.0
562.0
49.0
-49.0
55.0
83.0
-124.0
10.0
39.0
7.0
109.0
11.0
140.0
-3.0
145.0
-121.0
172.0
-52.0
225.0
-61.0
116.0
43.0
319.0
-100.0
631.0
42.0
51.0
639.0
-132.0
145.0
-44.0
-35.0
251.0
-149.0
-46.0
-98.0
27.0
-114.0
-124.0
364.0
318.0
-14.0
-72.0
-55.0
-47.0
-138.0
-29.0
626.0
-89.0
110.0
-9.0
51.0
341.0
-120.0
169.0
327.0
132.0
-110.0
634.0
34.0
517.0
361.0
605.0
51.0
127.0
114.0
-86.0
-44.0
-132.0
-131.0
15.0
126.0
-89.0
-166.0
193.0
-45.0
378.0
163.0
-143.0
-139.0
15.0
-113.0
624.0
7.0
210.0
443.0
-129.0
-69.0
-123.0
211.0
-34.0
-139.0
377.0
-59.0
482.0
97.0
115.0
-139.0
-40.0
-140.0
-121.0
19.0
-52.0
-131.0
133.0
152.0
60.0
-35.0
119.0
112.0
403.0
452.0
527.0
295.0
285.0
-118.0
16.0
385.0
102.0
-51.0
-53.0
26.0
-86.0
-13.0
-82.0
-99.0
-97.0
-122.0
-65.0
23.0
234.0
143.0
18.0
390.0
-82.0
60.0
33.0
88.0
-94.0
-132.0
559.0
-95.0
186.0
43.0
26.0
196.0
-153.0
31.0
165.0
-27.0
89.0
171.0
-76.0
19.0
152.0
129.0
26.0
621.0
9.0
402.0
435.0
-80.0
222.0
706.0
81.0
-26.0
-119.0
357.0
-50.0
291.0
245.0
485.0
-121.0
-40.0
30.0
98.0
-74.0
49.0
615.0
-82.0
-94.0
9.0
5.0
142.0
-34.0
-76.0
86.0
163.0
-82.0
12.0
214.0
338.0
-39.0
148.0
-144.0
-148.0
33.0
602.0
65.0
282.0
-175.0
292.0
287.0
32.0
-80.0
-51.0
104.0
192.0
612.0
-14.0
271.0
125.0
-89.0
80.0
370.0
11.0
-30.0
-69.0
12.0
-79.0
82.0
36.0
191.0
179.0
57.0
144.0
166.0
585.0
-42.0
-72.0
-52.0
-75.0
-64.0
-46.0
461.0
22.0
98.0
-124.0
-73.0
328.0
-119.0
-31.0
294.0
2.84217094304e-14
619.0
154.0
107.0
-29.0
61.0
-69.0
-125.0
636.0
45.0
77.0
-45.0
453.0
79.0
-53.0
-130.0
-6.0
-46.0
61.0
-47.0
-33.0
-107.0
-39.0
-70.0
542.0
397.0
184.0
200.0
573.0
149.0
82.0
109.0
114.0
-65.0
200.0
112.0
-50.0
622.0
568.0
-122.0
120.0
25.0
4.0
59.0
619.0
-138.0
539.0
309.0
28.0
271.0
315.0
174.0
-46.0
35.0
-73.0
-16.0
-88.0
278.0
42.0
621.0
197.0
380.0
-27.0
276.0
316.0
64.0
135.0
25.0
36.0
634.0
-18.0
94.0
-134.0
-17.0
186.0
-129.0
29.0
-4.0
654.0
-63.0
-123.0
-143.0
-58.0
-39.0
10.0
19.0
273.0
-130.0
189.0
-152.0
15.0
231.0
26.0
35.0
2.0
-61.0
-77.0
603.0
300.0
57.0
78.0
319.0
-9.0
24.0
298.0
130.0
144.0
274.0
96.0
-183.0
-43.0
143.0
352.0
-119.0
-37.0
278.0
-110.0
656.0
240.0
230.0
126.0
-121.0
-143.0
306.0
107.0
146.0
-111.0
-60.0
199.0
-56.0
29.0
538.0
-157.0
662.0
-67.0
-31.0
400.0
177.0
630.0
-33.0
442.0
225.0
-25.0
34.0
507.0
597.0
215.0
-18.0
135.0
-123.0
145.0
-56.0
-59.0
-119.0
-41.0
-6.0
-78.0
4.0
-35.0
-39.0
58.0
-56.0
-68.0
117.0
-62.0
-48.0
-144.0
70.0
28.0
-96.0
209.0
44.0
452.0
-22.0
332.0
-31.0
-85.0
-167.0
-51.0
54.0
629.0
534.0
305.0
-133.0
-44.0
-120.0
21.0
171.0
82.0
-122.0
32.0
-65.0
264.0
-35.0
-12.0
-146.0
-49.0
68.0
48.0
338.0
-122.0
5.0
7.0
-127.0
561.0
5.0
-89.0
-88.0
292.0
-11.0
11.0
-99.0
-46.0
392.0
18.0
184.0
551.0
69.0
119.0
152.0
186.0
25.0
293.0
54.0
-134.0
637.0
141.0
26.0
557.0
-133.0
-53.0
217.0
-114.0
10.0
-70.0
558.0
28.0
151.0
-129.0
-72.0
148.0
397.0
-141.0
-44.0
616.0
336.0
-29.0
272.0
33.0
38.0
106.0
-74.0
-4.0
566.0
-26.0
629.0
42.0
-130.0
474.0
3.0
-96.0
126.0
54.0
113.0
-245.0
604.0
58.0
-131.0
252.0
46.0
180.0
-42.0
164.0
32.0
58.0
70.0
528.0
25.0
6.0
-124.0
-129.0
281.0
32.0
178.0
25.0
-11.0
401.0
227.0
401.0
-104.0
322.0
-42.0
23.0
122.0
-62.0
36.0
168.0
371.0
-32.0
35.0
130.0
-60.0
138.0
174.0
-28.0
131.0
44.0
-11.0
137.0
150.0
-55.0
375.0
297.0
-51.0
-37.0
-77.0
-11.0
-130.0
-38.0
-38.0
6.0
118.0
-89.0
133.0
322.0
270.0
385.0
10.0
-57.0
28.0
18.0
288.0
212.0
418.0
44.0
16.0
8.0
489.0
322.0
229.0
555.0
-65.0
-44.0
100.0
64.0
63.0
33.0
136.0
357.0
31.0
415.0
356.0
-1.0
72.0
-51.0
560.0
31.0
41.0
163.0
-61.0
132.0
-55.0
605.0
267.0
612.0
377.0
-136.0
375.0
421.0
-148.0
597.0
549.0
-85.0
169.0
-83.0
374.0
18.0
257.0
226.0
398.0
254.0
212.0
374.0
42.0
-93.0
138.0
-95.0
477.0
166.0
-62.0
33.0
21.0
-56.0
95.0
-41.0
545.0
481.0
282.0
1.0
-88.0
598.0
222.0
345.0
73.0
-15.0
-85.0
-49.0
540.0
-24.0
12.0
128.0
527.0
527.0
98.0
603.0
88.0
390.0
213.0
541.0
104.0
139.0
-122.0
-148.0
101.0
-47.0
234.0
-154.0
28.0
207.0
-55.0
-35.0
-73.0
-33.0
-124.0
250.0
352.0
383.0
-68.0
42.0
-52.0
-77.0
116.0
34.0
-21.0
256.0
45.0
235.0
133.0
1.0
9.0
525.0
-97.0
-46.0
49.0
-132.0
25.0
200.0
-52.0
584.0
-30.0
-141.0
600.0
42.0
617.0
-95.0
-79.0
-73.0
297.0
385.0
127.0
51.0
23.0
96.0
547.0
341.0
605.0
518.0
-37.0
-48.0
116.0
91.0
-135.0
92.0
102.0
164.0
-74.0
379.0
103.0
309.0
294.0
-3.0
-74.0
281.0
47.0
-134.0
658.0
-61.0
-13.0
-125.0
88.0
109.0
18.0
59.0
190.0
12.0
-36.0
43.0
93.0
-49.0
-123.0
77.0
-84.0
-130.0
220.0
36.0
87.0
63.0
689.0
-102.0
632.0
183.0
72.0
14.0
-138.0
-60.0
-123.0
-30.0
-48.0
112.0
-23.0
146.0
664.0
122.0
134.0
641.0
-29.0
74.0
133.0
169.0
25.0
-1.0
43.0
9.0
47.0
187.0
11.0
14.0
90.0
510.0
596.0
31.0
604.0
265.0
430.0
-46.0
-73.0
431.0
-71.0
12.0
206.0
-117.0
609.0
87.0
188.0
-60.0
320.0
24.0
-30.0
-82.0
-46.0
203.0
107.0
99.0
319.0
39.0
661.0
17.0
635.0
-46.0
48.0
599.0
84.0
323.0
-153.0
121.0
6.0
160.0
-65.0
656.0
305.0
207.0
-30.0
35.0
473.0
464.0
-3.0
401.0
-133.0
-75.0
31.0
49.0
-27.0
204.0
-4.0
5.0
-60.0
343.0
-59.0
201.0
-43.0
-5.0
162.0
-134.0
-132.0
599.0
204.0
131.0
229.0
192.0
174.0
213.0
57.0
577.0
-87.0
-55.0
130.0
60.0
575.0
-124.0
-60.0
135.0
236.0
34.0
38.0
185.0
372.0
311.0
263.0
-53.0
180.0
672.0
131.0
58.0
88.0
59.0
-25.0
344.0
38.0
174.0
-71.0
25.0
626.0
-116.0
184.0
-21.0
-23.0
90.0
8.0
-148.0
154.0
86.0
29.0
154.0
392.0
268.0
27.0
-19.0
-57.0
485.0
138.0
4.0
92.0
-65.0
396.0
102.0
-71.0
-144.0
-49.0
6.0
-48.0
583.0
-124.0
-34.0
281.0
689.0
-161.0
-94.0
586.0
560.0
465.0
278.0
203.0
-89.0
-8.0
635.0
685.0
-130.0
34.0
-111.0
268.0
199.0
33.0
585.0
39.0
-126.0
23.0
-61.0
32.0
41.0
-9.0
-54.0
-121.0
-33.0
-19.0
133.0
-79.0
125.0
180.0
33.0
645.0
-121.0
609.0
40.0
-54.0
80.0
105.0
-64.0
104.0
254.0
100.0
182.0
486.0
-27.0
64.0
117.0
60.0
14.0
-38.0
33.0
114.0
-76.0
674.0
114.0
-28.0
631.0
664.0
27.0
-110.0
4.0
109.0
-57.0
134.0
24.0
-122.0
325.0
606.0
-99.0
116.0
-47.0
110.0
207.0
67.0
5.0
-59.0
89.0
304.0
407.0
-59.0
33.0
-65.0
359.0
249.0
-55.0
16.0
-71.0
502.0
482.0
621.0
-36.0
-26.0
201.0
37.0
-57.0
-67.0
430.0
31.0
-71.0
-137.0
78.0
546.0
220.0
223.0
416.0
100.0
42.0
40.0
138.0
151.0
250.0
151.0
-56.0
-62.0
-56.0
318.0
64.0
-16.0
202.0
-49.0
647.0
294.0
49.0
139.0
134.0
609.0
-134.0
291.0
410.0
-29.0
4.0
-56.0
330.0
-73.0
-44.0
-12.0
116.0
105.0
-36.0
21.0
343.0
128.0
614.0
366.0
295.0
-122.0
28.0
60.0
345.0
137.0
-32.0
309.0
-2.0
-6.0
271.0
63.0
43.0
126.0
-11.0
-68.0
271.0
188.0
45.0
238.0
36.0
56.0
-126.0
161.0
436.0
485.0
63.0
92.0
637.0
384.0
626.0
153.0
536.0
-63.0
-47.0
26.0
220.0
84.0
-79.0
-67.0
-41.0
-122.0
119.0
-38.0
-75.0
468.0
-81.0
41.0
607.0
71.0
179.0
93.0
28.0
-138.0
286.0
34.0
-84.0
111.0
26.0
-124.0
101.0
-20.0
156.0
-48.0
58.0
185.0
12.0
-41.0
179.0
-126.0
514.0
632.0
599.0
113.0
-34.0
-53.0
-93.0
583.0
679.0
235.0
255.0
-106.0
-78.0
-42.0
-91.0
-119.0
627.0
32.0
406.0
-139.0
-63.0
-62.0
237.0
236.0
387.0
-117.0
122.0
91.0
-45.0
-40.0
183.0
17.0
-35.0
282.0
-50.0
154.0
483.0
-139.0
41.0
19.0
-46.0
51.0
579.0
208.0
197.0
-87.0
-98.0
-53.0
476.0
38.0
90.0
56.0
-126.0
601.0
19.0
647.0
-41.0
123.0
599.0
-65.0
-37.0
264.0
-73.0
-1.0
15.0
88.0
-121.0
107.0
-71.0
147.0
595.0
658.0
50.0
196.0
356.0
60.0
32.0
531.0
558.0
-62.0
206.0
-149.0
228.0
88.0
496.0
272.0
510.0
-61.0
101.0
59.0
19.0
144.0
48.0
134.0
527.0
336.0
292.0
29.0
-77.0
636.0
-35.0
564.0
-138.0
466.0
464.0
160.0
598.0
-39.0
105.0
-69.0
66.0
-24.0
-38.0
-154.0
472.0
-85.0
379.0
192.0
-96.0
-118.0
29.0
52.0
106.0
530.0
-119.0
-124.0
614.0
-40.0
-38.0
-37.0
-52.0
144.0
9.0
17.0
-83.0
319.0
192.0
114.0
150.0
559.0
63.0
229.0
293.0
-54.0
44.0
148.0
59.0
454.0
-53.0
-117.0
486.0
569.0
449.0
-142.0
60.0
8.0
7.0
627.0
307.0
-130.0
232.0
99.0
277.0
-2.0
-5.0
-83.0
36.0
-124.0
416.0
37.0
-58.0
40.0
64.0
102.0
287.0
563.0
20.0
-23.0
204.0
-71.0
159.0
96.0
555.0
54.0
487.0
-149.0
-118.0
9.0
283.0
360.0
341.0
294.0
149.0
-129.0
-6.0
-65.0
-33.0
115.0
-111.0
59.0
-53.0
-43.0
-36.0
-134.0
116.0
157.0
487.0
582.0
413.0
14.0
567.0
-39.0
369.0
-63.0
432.0
-57.0
519.0
10.0
4.26325641456e-14
316.0
110.0
-60.0
-96.0
-57.0
-34.0
-42.0
115.0
335.0
270.0
-115.0
617.0
347.0
-42.0
6.0
136.0
572.0
344.0
13.0
-39.0
363.0
-63.0
629.0
-29.0
531.0
253.0
-128.0
-49.0
99.0
-5.0
233.0
-93.0
-26.0
75.0
-50.0
-48.0
613.0
-65.0
49.0
10.0
658.0
132.0
383.0
507.0
639.0
-64.0
619.0
-74.0
-27.0
-118.0
616.0
-58.0
-88.0
46.0
-21.0
-82.0
84.0
-130.0
643.0
-29.0
94.0
-94.0
68.0
4.26325641456e-14
674.0
-43.0
137.0
674.0
535.0
-9.0
110.0
609.0
-85.0
31.0
-39.0
-145.0
360.0
-16.0
132.0
510.0
25.0
-70.0
-154.0
-8.0
348.0
328.0
-17.0
94.0
40.0
-138.0
-98.0
-46.0
-136.0
-119.0
77.0
-152.0
615.0
288.0
133.0
203.0
197.0
-62.0
617.0
255.0
143.0
278.0
561.0
636.0
-143.0
56.0
-128.0
100.0
-120.0
308.0
320.0
-133.0
163.0
138.0
-67.0
17.0
39.0
115.0
480.0
146.0
-54.0
513.0
80.0
-77.0
-120.0
-32.0
12.0
573.0
-58.0
-124.0
196.0
206.0
-123.0
582.0
14.0
219.0
162.0
-125.0
41.0
-126.0
317.0
501.0
13.0
602.0
-86.0
553.0
99.0
-20.0
103.0
320.0
1.0
51.0
631.0
277.0
27.0
607.0
355.0
-56.0
538.0
219.0
-137.0
-43.0
64.0
338.0
220.0
62.0
447.0
535.0
290.0
70.0
-87.0
-68.0
12.0
225.0
259.0
2.84217094304e-14
196.0
316.0
-132.0
-135.0
315.0
-155.0
657.0
595.0
607.0
60.0
324.0
-44.0
496.0
267.0
-105.0
-89.0
295.0
-56.0
375.0
21.0
289.0
-44.0
566.0
145.0
11.0
123.0
188.0
603.0
561.0
-8.0
701.0
605.0
29.0
-28.0
640.0
-136.0
-134.0
21.0
616.0
-132.0
61.0
511.0
604.0
175.0
511.0
-86.0
-49.0
141.0
606.0
526.0
340.0
199.0
-54.0
285.0
-65.0
-61.0
16.0
76.0
618.0
83.0
-60.0
679.0
613.0
5.0
-24.0
235.0
81.0
136.0
312.0
572.0
24.0
-49.0
290.0
137.0
640.0
167.0
639.0
629.0
566.0
573.0
656.0
96.0
352.0
178.0
36.0
115.0
697.0
-37.0
98.0
256.0
280.0
628.0
48.0
24.0
-55.0
-82.0
56.0
324.0
107.0
698.0
673.0
-49.0
-24.0
-141.0
184.0
193.0
619.0
68.0
-31.0
627.0
154.0
617.0
117.0
-2.0
69.0
547.0
-1.0
19.0
671.0
-40.0
682.0
310.0
278.0
6.0
-84.0
25.0
109.0
-5.0
242.0
113.0
52.0
359.0
156.0
-21.0
27.0
-37.0
453.0
107.0
453.0
84.0
447.0
440.0
-33.0
95.0
263.0
22.0
596.0
-92.0
-5.0
-34.0
21.0
-129.0
366.0
-66.0
-120.0
180.0
636.0
293.0
122.0
490.0
685.0
601.0
-37.0
25.0
302.0
479.0
89.0
649.0
-122.0
-33.0
114.0
446.0
152.0
56.0
218.0
501.0
262.0
648.0
242.0
-125.0
-121.0
297.0
224.0
13.0
-46.0
88.0
84.0
-97.0
645.0
-115.0
607.0
655.0
394.0
211.0
8.0
513.0
397.0
242.0
-38.0
695.0
625.0
228.0
384.0
363.0
195.0
101.0
4.0
562.0
677.0
220.0
294.0
291.0
26.0
504.0
466.0
-17.0
138.0
-37.0
133.0
122.0
88.0
-115.0
-37.0
163.0
-92.0
171.0
102.0
-131.0
147.0
620.0
-67.0
216.0
19.0
27.0
-42.0
432.0
-76.0
-129.0
-49.0
641.0
618.0
619.0
-19.0
667.0
24.0
-56.0
679.0
678.0
69.0
217.0
351.0
687.0
400.0
251.0
622.0
466.0
282.0
652.0
-11.0
157.0
269.0
39.0
532.0
-87.0
384.0
336.0
195.0
-39.0
645.0
213.0
147.0
47.0
133.0
-11.0
-66.0
-35.0
-35.0
80.0
27.0
107.0
329.0
-51.0
120.0
644.0
28.0
540.0
61.0
131.0
96.0
646.0
-52.0
25.0
175.0
631.0
649.0
561.0
395.0
666.0
340.0
607.0
132.0
687.0
600.0
569.0
27.0
-9.0
202.0
440.0
-135.0
-127.0
268.0
555.0
400.0
213.0
-39.0
171.0
4.0
136.0
67.0
-61.0
489.0
283.0
193.0
723.0
-38.0
-203.0
604.0
-45.0
46.0
42.0
-69.0
636.0
702.0
47.0
194.0
244.0
675.0
681.0
-49.0
457.0
-48.0
629.0
583.0
617.0
235.0
-78.0
718.0
-45.0
110.0
41.0
26.0
-127.0
652.0
-66.0
458.0
106.0
-16.0
218.0
569.0
383.0
709.0
626.0
179.0
-74.0
167.0
168.0
-43.0
-26.0
618.0
344.0
641.0
591.0
315.0
444.0
660.0
49.0
354.0
257.0
628.0
121.0
15.0
573.0
-163.0
156.0
678.0
-85.0
-62.0
-84.0
-120.0
257.0
121.0
-43.0
28.0
-72.0
636.0
518.0
130.0
619.0
-18.0
632.0
33.0
340.0
225.0
578.0
-124.0
5.68434188608e-14
593.0
-87.0
-78.0
297.0
2.0
-50.0
400.0
35.0
608.0
557.0
-125.0
19.0
-80.0
20.0
-47.0
-131.0
178.0
4.0
596.0
-18.0
-122.0
229.0
128.0
690.0
100.0
-124.0
40.0
-51.0
37.0
-20.0
-35.0
22.0
595.0
219.0
57.0
163.0
608.0
-39.0
-30.0
171.0
140.0
584.0
258.0
35.0
44.0
-28.0
34.0
84.0
397.0
535.0
203.0
518.0
-33.0
581.0
399.0
387.0
246.0
-125.0
247.0
582.0
221.0
223.0
109.0
634.0
709.0
391.0
155.0
12.0
312.0
138.0
693.0
-123.0
468.0
-79.0
559.0
674.0
199.0
111.0
242.0
148.0
55.0
38.0
567.0
176.0
-69.0
281.0
256.0
719.0
465.0
72.0
638.0
159.0
586.0
-120.0
318.0
-144.0
656.0
414.0
651.0
293.0
361.0
-4.0
-125.0
161.0
106.0
646.0
293.0
297.0
280.0
450.0
13.0
687.0
136.0
96.0
119.0
704.0
113.0
18.0
646.0
572.0
592.0
105.0
232.0
-43.0
58.0
-28.0
296.0
-136.0
82.0
157.0
216.0
-14.0
498.0
143.0
690.0
-38.0
-119.0
-104.0
-71.0
392.0
137.0
614.0
624.0
446.0
53.0
-48.0
39.0
-33.0
322.0
170.0
-14.0
-28.0
298.0
53.0
132.0
276.0
-74.0
103.0
27.0
581.0
0.0
-132.0
347.0
470.0
6.0
554.0
572.0
683.0
-36.0
56.0
-28.0
71.0
97.0
621.0
-82.0
-52.0
148.0
99.0
5.0
99.0
-123.0
-40.0
553.0
-7.0
732.0
-133.0
-58.0
400.0
192.0
211.0
672.0
609.0
-38.0
634.0
335.0
449.0
-53.0
32.0
171.0
434.0
-56.0
656.0
347.0
62.0
-68.0
-42.0
288.0
655.0
264.0
29.0
193.0
372.0
322.0
-55.0
431.0
-135.0
110.0
-61.0
486.0
-48.0
359.0
-1.0
212.0
-83.0
-40.0
296.0
558.0
337.0
114.0
290.0
664.0
44.0
-51.0
-7.0
63.0
6.0
638.0
148.0
619.0
37.0
39.0
-71.0
661.0
666.0
219.0
49.0
-64.0
274.0
-28.0
-59.0
479.0
540.0
681.0
619.0
211.0
186.0
-70.0
329.0
-57.0
167.0
291.0
-109.0
517.0
233.0
-59.0
372.0
267.0
656.0
677.0
30.0
55.0
613.0
25.0
329.0
578.0
134.0
28.0
275.0
163.0
-137.0
235.0
318.0
588.0
94.0
283.0
371.0
-36.0
180.0
-35.0
529.0
458.0
718.0
132.0
-79.0
-122.0
242.0
630.0
-62.0
683.0
302.0
131.0
-128.0
580.0
652.0
309.0
7.0
-126.0
391.0
232.0
490.0
16.0
17.0
156.0
685.0
-68.0
626.0
-153.0
-37.0
-52.0
528.0
175.0
633.0
-55.0
109.0
261.0
-26.0
-64.0
94.0
-78.0
-97.0
432.0
37.0
634.0
17.0
-127.0
-70.0
323.0
619.0
313.0
564.0
675.0
692.0
47.0
218.0
574.0
-65.0
589.0
304.0
21.0
-68.0
751.0
-135.0
9.0
-115.0
240.0
615.0
-154.0
671.0
580.0
432.0
106.0
224.0
125.0
713.0
232.0
-38.0
-80.0
152.0
367.0
497.0
544.0
615.0
584.0
-122.0
608.0
345.0
114.0
604.0
-31.0
-136.0
324.0
219.0
353.0
353.0
649.0
67.0
154.0
658.0
-119.0
579.0
654.0
675.0
66.0
671.0
316.0
73.0
214.0
608.0
84.0
241.0
118.0
699.0
-54.0
269.0
475.0
28.0
672.0
439.0
625.0
-86.0
284.0
632.0
-48.0
626.0
681.0
-123.0
107.0
-46.0
17.0
432.0
622.0
600.0
535.0
588.0
627.0
26.0
445.0
-115.0
613.0
82.0
-56.0
-51.0
-6.0
485.0
70.0
-123.0
-61.0
40.0
465.0
-26.0
679.0
321.0
683.0
5.0
-43.0
-111.0
-130.0
283.0
142.0
413.0
145.0
194.0
376.0
669.0
152.0
628.0
562.0
629.0
676.0
565.0
180.0
-124.0
122.0
204.0
-131.0
-28.0
668.0
665.0
181.0
627.0
21.0
351.0
157.0
663.0
307.0
112.0
654.0
18.0
195.0
255.0
566.0
633.0
168.0
67.0
646.0
3.0
53.0
29.0
236.0
70.0
40.0
346.0
552.0
27.0
42.0
516.0
-78.0
25.0
668.0
445.0
163.0
328.0
595.0
433.0
-43.0
677.0
411.0
382.0
315.0
-65.0
196.0
262.0
-138.0
-43.0
444.0
-58.0
21.0
-52.0
72.0
532.0
630.0
576.0
142.0
6.0
-38.0
648.0
145.0
252.0
25.0
485.0
628.0
644.0
662.0
107.0
8.0
296.0
580.0
576.0
-20.0
197.0
161.0
360.0
46.0
116.0
-7.0
-40.0
649.0
622.0
326.0
528.0
675.0
-123.0
466.0
454.0
-138.0
113.0
586.0
-124.0
685.0
24.0
-71.0
66.0
230.0
37.0
19.0
363.0
30.0
344.0
-60.0
426.0
422.0
211.0
162.0
399.0
-40.0
424.0
138.0
50.0
41.0
425.0
-63.0
118.0
609.0
71.0
-129.0
229.0
245.0
219.0
-10.0
587.0
645.0
709.0
167.0
687.0
599.0
384.0
29.0
561.0
450.0
320.0
135.0
-139.0
216.0
32.0
692.0
643.0
602.0
40.0
-63.0
369.0
119.0
588.0
36.0
618.0
71.0
259.0
36.0
647.0
-77.0
-87.0
688.0
-65.0
594.0
618.0
-63.0
87.0
646.0
-87.0
36.0
294.0
71.0
542.0
591.0
-79.0
-31.0
689.0
11.0
121.0
-24.0
-39.0
211.0
340.0
214.0
159.0
580.0
382.0
28.0
133.0
17.0
5.0
-82.0
424.0
301.0
669.0
235.0
-59.0
423.0
585.0
324.0
522.0
687.0
-29.0
11.0
111.0
500.0
-155.0
-51.0
37.0
19.0
-55.0
611.0
578.0
63.0
404.0
386.0
108.0
618.0
-16.0
620.0
-128.0
350.0
27.0
626.0
32.0
176.0
-26.0
384.0
11.0
674.0
-50.0
199.0
114.0
313.0
212.0
24.0
-120.0
697.0
110.0
626.0
-3.0
262.0
31.0
-76.0
642.0
112.0
319.0
656.0
108.0
228.0
219.0
-115.0
347.0
143.0
178.0
468.0
669.0
159.0
-31.0
275.0
95.0
-29.0
-101.0
159.0
589.0
618.0
-72.0
-3.0
658.0
620.0
568.0
29.0
261.0
26.0
369.0
271.0
163.0
-95.0
174.0
644.0
245.0
-124.0
55.0
101.0
-31.0
723.0
162.0
-72.0
618.0
605.0
10.0
364.0
-48.0
288.0
659.0
586.0
594.0
-11.0
645.0
585.0
36.0
230.0
620.0
-75.0
448.0
287.0
-126.0
181.0
188.0
208.0
498.0
99.0
31.0
301.0
-76.0
423.0
8.0
109.0
595.0
-14.0
594.0
-43.0
502.0
55.0
31.0
-41.0
89.0
-62.0
228.0
110.0
-133.0
623.0
206.0
48.0
-123.0
283.0
291.0
655.0
27.0
-1.0
50.0
290.0
65.0
639.0
361.0
-139.0
149.0
446.0
716.0
13.0
514.0
672.0
710.0
147.0
395.0
-11.0
-40.0
577.0
-69.0
134.0
160.0
649.0
677.0
39.0
116.0
161.0
206.0
37.0
-45.0
-84.0
543.0
7.0
-135.0
46.0
-76.0
193.0
229.0
-53.0
650.0
660.0
247.0
198.0
-60.0
621.0
-58.0
-47.0
616.0
610.0
623.0
265.0
161.0
658.0
282.0
156.0
258.0
52.0
662.0
635.0
-96.0
31.0
220.0
-131.0
-28.0
659.0
288.0
311.0
272.0
203.0
-128.0
-82.0
131.0
26.0
630.0
40.0
357.0
444.0
33.0
-125.0
103.0
214.0
581.0
-70.0
669.0
-50.0
-120.0
41.0
553.0
135.0
586.0
575.0
225.0
542.0
271.0
-60.0
285.0
-92.0
39.0
660.0
442.0
130.0
-156.0
635.0
570.0
673.0
101.0
-20.0
-79.0
260.0
19.0
-47.0
576.0
684.0
664.0
709.0
158.0
245.0
-10.0
683.0
638.0
633.0
506.0
292.0
406.0
-27.0
659.0
454.0
351.0
636.0
586.0
60.0
85.0
-72.0
59.0
591.0
143.0
594.0
-18.0
-56.0
604.0
-38.0
-77.0
142.0
103.0
599.0
141.0
245.0
-65.0
321.0
52.0
81.0
-52.0
305.0
672.0
-51.0
0.0
273.0
-57.0
383.0
650.0
-26.0
-137.0
604.0
160.0
-11.0
687.0
439.0
586.0
405.0
12.0
6.0
319.0
200.0
252.0
-129.0
-66.0
378.0
30.0
608.0
638.0
-20.0
526.0
45.0
638.0
100.0
-29.0
-22.0
129.0
635.0
354.0
24.0
-50.0
60.0
83.0
641.0
430.0
577.0
3.0
-36.0
22.0
550.0
39.0
279.0
113.0
116.0
591.0
-74.0
455.0
308.0
649.0
636.0
25.0
166.0
-27.0
131.0
129.0
-52.0
48.0
205.0
68.0
626.0
-37.0
637.0
70.0
30.0
22.0
523.0
346.0
463.0
265.0
652.0
479.0
337.0
4.0
633.0
582.0
292.0
-43.0
665.0
104.0
620.0
-70.0
635.0
684.0
-60.0
596.0
111.0
428.0
651.0
349.0
663.0
433.0
121.0
729.0
32.0
-12.0
642.0
-56.0
592.0
167.0
94.0
231.0
-49.0
-28.0
45.0
632.0
308.0
78.0
-123.0
108.0
-27.0
257.0
97.0
247.0
635.0
617.0
-6.0
571.0
-128.0
7.0
669.0
475.0
-29.0
597.0
403.0
-128.0
633.0
43.0
63.0
352.0
377.0
498.0
683.0
-25.0
11.0
-98.0
653.0
578.0
88.0
349.0
348.0
507.0
623.0
-41.0
133.0
273.0
598.0
435.0
448.0
133.0
113.0
554.0
171.0
294.0
-129.0
26.0
346.0
675.0
621.0
-124.0
616.0
48.0
603.0
548.0
312.0
523.0
78.0
681.0
-32.0
106.0
600.0
-83.0
361.0
162.0
-62.0
425.0
608.0
296.0
10.0
-26.0
-125.0
31.0
688.0
178.0
-95.0
22.0
157.0
129.0
628.0
619.0
542.0
17.0
657.0
209.0
116.0
599.0
604.0
617.0
37.0
83.0
546.0
34.0
-124.0
50.0
289.0
-69.0
-36.0
207.0
-113.0
-95.0
-126.0
584.0
270.0
539.0
108.0
53.0
-23.0
553.0
-24.0
35.0
286.0
354.0
