-619.0
-844.0
-729.0
-1388.0
-786.0
-1318.0
-825.0
-675.0
-770.0
-619.0
-1024.0
-1722.0
-745.0
-745.0
-1100.0
-1286.0
-156.0
-400.0
-712.0
-308.0
-248.0
-572.0
-295.0
-364.0
-415.0
-448.0
-266.0
-686.0
-674.0
-182.0
-327.0
-381.0
-423.0
-676.0
-448.0
-750.0
-538.0
-456.0
-463.0
-534.0
-447.0
-421.0
-303.0
-655.0
-457.0
-429.0
-473.0
-581.0
-411.0
-673.0
-430.0
-560.0
-611.0
-439.0
-575.0
-553.0
-585.0
-404.0
-544.0
-661.0
-372.0
-793.0
-589.0
-595.0
-516.0
-734.0
-1316.0
-558.0
-486.0
-757.0
-790.0
-697.0
-802.0
-718.0
-689.0
-840.0
-673.0
-473.0
-684.0
-586.0
-555.0
-463.0
-516.0
-555.0
-975.0
-577.0
-980.0
-659.0
-598.0
-553.0
-920.0
-325.0
-520.0
-861.0
-817.0
-917.0
-762.0
-555.0
-829.0
-639.0
-304.0
-659.0
-1120.0
-801.0
-756.0
-557.0
-493.0
-685.0
-733.0
-517.0
-1410.0
-668.0
-397.0
-597.0
-1044.0
-636.0
-599.0
-1275.0
-1321.0
-504.0
-758.0
-696.0
-541.0
-808.0
-706.0
-739.0
-586.0
-515.0
-553.0
-651.0
-664.0
-648.0
-586.0
-666.0
-300.0
-511.0
-914.0
-388.0
-589.0
-351.0
-538.0
-604.0
-815.0
-579.0
-911.0
-533.0
-849.0
-651.0
-543.0
-1199.0
