64.11
23.89
18.02
30.26
15.39
27.37
20.76
14.62
16.84
13.8
22.6
157.48
12.47
16.65
20.68
30.56
4.88
11.88
11.56
4.74
4.22
4.74
5.52
4.31
4.19
3.75
3.76
8.73
8.22
6.47
3.57
3.85
3.52
9.02
3.66
9.98
5.7
8.86
4.97
6.8
3.86
4.49
4.61
8.06
3.97
4.85
3.74
6.27
7.37
8.86
3.06
6.3
6.3
3.63
8.26
8.66
8.52
6.3
8.27
11.21
5.12
12.15
7.9
7.6
6.9
8.47
21.14
6.68
6.12
10.33
10.17
10.27
10.37
9.4
9.06
11.63
9.54
7.39
11.74
8.33
8.63
5.39
7.58
8.05
13.42
7.49
14.39
10.39
8.03
6.42
14.88
6.87
7.53
11.7
11.51
14.19
12.04
9.54
10.8
11.1
5.16
10.8
16.3
11.9
8.44
6.55
8.65
9.59
9.47
6.23
23.8
9.22
5.42
6.55
15.83
8.09
9.97
17.09
18.61
7.04
11.64
9.25
5.06
11.47
9.63
9.07
11.13
5.13
5.64
10.37
8.68
9.1
10.28
8.05
4.22
9.19
13.72
4.85
7.64
5.31
5.04
7.09
13.17
7.99
14.21
8.3
11.44
10.9
7.52
63.92
