-160.0
-265.0
-88.0
-48.0
-159.0
-87.0
-2.0
25.0
-139.0
-232.0
-335.0
-159.0
-183.0
-273.0
-77.0
-79.0
-373.0
-330.0
-199.0
-251.0
-421.0
-489.0
-145.0
-467.0
-375.0
-215.0
-92.0
-108.0
-206.0
-138.0
-353.0
-238.0
-143.0
-102.0
-132.0
-225.0
-175.0
-57.0
-106.0
-172.0
-218.0
-152.0
-82.0
37.0
-211.0
-161.0
-150.0
-131.0
-20.0
73.0
-400.0
-144.0
-19.0
72.0
-103.0
13.0
-48.0
-175.0
-195.0
-129.0
-83.0
-139.0
-105.0
-92.0
-123.0
-268.0
-49.0
-130.0
-169.0
-351.0
-76.0
-94.0
-191.0
-112.0
-116.0
33.0
-40.0
-96.0
-72.0
-287.0
20.0
-234.0
-92.0
-259.0
-23.0
-96.0
-92.0
-32.0
-138.0
-77.0
-262.0
-70.0
-92.0
-139.0
-30.0
-26.0
-86.0
-12.0
28.0
-263.0
-66.0
-96.0
-152.0
-189.0
-221.0
-111.0
-77.0
-205.0
-47.0
-172.0
-49.0
-14.0
-198.0
-81.0
19.0
19.0
-74.0
310.0
-82.0
16.0
-156.0
-73.0
29.0
-112.0
-16.0
-9.0
-110.0
54.0
-97.0
67.0
-41.0
-20.0
8.0
-44.0
41.0
40.0
-3.0
77.0
6.0
103.0
-81.0
-44.0
70.0
122.0
-75.0
1.0
-37.0
-80.0
17.0
56.0
-10.0
22.0
-46.0
2.0
242.0
-47.0
394.0
-30.0
238.0
-97.0
-14.0
-57.0
298.0
4.0
-104.0
13.0
-49.0
12.0
-50.0
100.0
-72.0
-4.0
11.0
-28.0
-16.0
-5.0
-44.0
-4.0
-56.0
-134.0
-163.0
-121.0
24.0
-48.0
-48.0
-73.0
48.0
-78.0
-98.0
-80.0
-119.0
36.0
115.0
-23.0
3.0
18.0
-100.0
-6.0
-98.0
-128.0
-86.0
22.0
129.0
-8.0
-50.0
-101.0
-65.0
1.0
156.0
-22.0
-165.0
50.0
3.0
-118.0
-95.0
-134.0
-104.0
-77.0
-30.0
-33.0
-129.0
32.0
-58.0
54.0
142.0
-119.0
-143.0
-81.0
50.0
18.0
179.0
329.0
92.0
-86.0
-164.0
-55.0
4.0
15.0
-39.0
-12.0
27.0
-103.0
-47.0
-80.0
41.0
150.0
28.0
-16.0
-38.0
-14.0
65.0
32.0
-77.0
-48.0
30.0
34.0
-46.0
-134.0
-63.0
-57.0
142.0
641.0
13.0
-23.0
-64.0
-77.0
-46.0
-70.0
-119.0
-13.0
63.0
-81.0
44.0
725.0
-38.0
302.0
104.0
331.0
-70.0
9.0
46.0
263.0
73.0
42.0
323.0
662.0
-38.0
-109.0
29.0
-87.0
-54.0
330.0
6.0
368.0
62.0
-67.0
-43.0
110.0
-47.0
37.0
61.0
93.0
-155.0
-150.0
-46.0
38.0
44.0
21.0
23.0
13.0
116.0
95.0
215.0
83.0
-63.0
137.0
34.0
-57.0
-71.0
-51.0
91.0
-125.0
51.0
499.0
71.0
4.0
449.0
49.0
-134.0
-128.0
-54.0
-42.0
-141.0
-46.0
4.0
664.0
-69.0
-55.0
-80.0
4.0
12.0
427.0
-49.0
-26.0
-75.0
-20.0
9.0
2.0
46.0
41.0
-80.0
65.0
36.0
-124.0
16.0
-122.0
-132.0
628.0
707.0
62.0
461.0
-72.0
-67.0
8.0
24.0
51.0
2.84217094304e-14
38.0
-122.0
-143.0
-48.0
101.0
14.0
51.0
-119.0
-87.0
300.0
-65.0
-17.0
-6.0
28.0
-72.0
-41.0
253.0
70.0
61.0
695.0
176.0
124.0
555.0
96.0
9.0
-37.0
37.0
-133.0
68.0
-69.0
-119.0
159.0
104.0
356.0
29.0
23.0
-26.0
155.0
104.0
31.0
-43.0
21.0
-44.0
-119.0
80.0
101.0
-129.0
65.0
-155.0
376.0
39.0
500.0
64.0
-28.0
-49.0
604.0
-60.0
115.0
420.0
135.0
86.0
53.0
-71.0
21.0
357.0
-83.0
-45.0
604.0
692.0
-118.0
-61.0
104.0
42.0
165.0
-121.0
-123.0
287.0
91.0
-45.0
189.0
-41.0
-44.0
122.0
-115.0
-50.0
350.0
44.0
-52.0
51.0
401.0
316.0
207.0
16.0
-111.0
661.0
633.0
127.0
-44.0
312.0
-117.0
508.0
208.0
120.0
186.0
676.0
136.0
624.0
-41.0
658.0
3.0
575.0
148.0
-46.0
-36.0
136.0
103.0
89.0
281.0
-44.0
-46.0
-57.0
-121.0
77.0
-120.0
218.0
-134.0
224.0
39.0
51.0
402.0
106.0
-31.0
-54.0
278.0
-11.0
34.0
140.0
487.0
103.0
-38.0
63.0
-130.0
-46.0
400.0
213.0
-86.0
194.0
239.0
13.0
233.0
287.0
96.0
-97.0
-118.0
-34.0
15.0
210.0
-23.0
-54.0
23.0
8.0
30.0
-47.0
-28.0
30.0
241.0
45.0
-116.0
694.0
122.0
-120.0
26.0
573.0
41.0
-21.0
357.0
402.0
97.0
250.0
115.0
293.0
72.0
-57.0
4.0
-121.0
-124.0
250.0
-45.0
170.0
189.0
102.0
21.0
75.0
-41.0
226.0
99.0
471.0
-63.0
-48.0
-66.0
19.0
-46.0
187.0
98.0
199.0
-4.0
235.0
19.0
473.0
182.0
116.0
-124.0
147.0
-51.0
391.0
115.0
11.0
205.0
146.0
312.0
28.0
-129.0
-130.0
-124.0
-112.0
38.0
237.0
-120.0
306.0
-45.0
315.0
-32.0
-7.0
23.0
26.0
660.0
-50.0
353.0
-7.0
647.0
203.0
140.0
0.0
185.0
39.0
91.0
96.0
-38.0
-125.0
265.0
93.0
618.0
43.0
-67.0
-70.0
571.0
-42.0
-27.0
212.0
-60.0
-83.0
205.0
-26.0
101.0
385.0
38.0
-25.0
354.0
-41.0
243.0
46.0
-15.0
334.0
108.0
51.0
423.0
581.0
-48.0
-26.0
220.0
25.0
-58.0
80.0
21.0
132.0
679.0
-31.0
131.0
371.0
-66.0
605.0
74.0
-128.0
409.0
-125.0
678.0
-19.0
-76.0
-59.0
-56.0
575.0
-41.0
4.0
152.0
-13.0
29.0
37.0
-16.0
-36.0
-53.0
183.0
116.0
104.0
-119.0
-121.0
236.0
-56.0
393.0
576.0
-122.0
-28.0
-54.0
-133.0
-88.0
-99.0
-22.0
-51.0
249.0
6.0
35.0
150.0
131.0
-149.0
189.0
-59.0
230.0
115.0
311.0
153.0
447.0
175.0
706.0
60.0
339.0
26.0
21.0
323.0
81.0
-31.0
-34.0
636.0
284.0
85.0
-65.0
284.0
166.0
-89.0
661.0
335.0
231.0
-33.0
-81.0
-86.0
-57.0
-46.0
534.0
-3.0
111.0
-106.0
-72.0
79.0
334.0
8.0
-3.0
12.0
-65.0
655.0
195.0
181.0
47.0
-68.0
32.0
26.0
329.0
51.0
-28.0
-53.0
-30.0
515.0
-105.0
62.0
-29.0
-147.0
-38.0
-24.0
96.0
155.0
44.0
-128.0
77.0
637.0
294.0
4.0
248.0
71.0
131.0
240.0
668.0
-109.0
-44.0
18.0
697.0
-48.0
221.0
324.0
-64.0
357.0
-61.0
21.0
-1.0
-38.0
-51.0
-54.0
185.0
28.0
-28.0
-125.0
-44.0
484.0
63.0
-117.0
-57.0
492.0
111.0
55.0
-28.0
-46.0
132.0
588.0
191.0
-11.0
68.0
29.0
-62.0
69.0
654.0
57.0
519.0
461.0
632.0
-59.0
-65.0
122.0
19.0
373.0
37.0
243.0
-201.0
-180.0
-61.0
190.0
659.0
-22.0
-120.0
674.0
126.0
15.0
272.0
115.0
-71.0
644.0
150.0
165.0
106.0
58.0
-131.0
-49.0
91.0
49.0
203.0
64.0
588.0
-39.0
-130.0
10.0
234.0
256.0
-51.0
228.0
82.0
-148.0
-48.0
-150.0
-41.0
-108.0
-149.0
-33.0
-17.0
-109.0
317.0
-56.0
10.0
42.0
-59.0
25.0
566.0
196.0
-60.0
-67.0
-71.0
-73.0
-56.0
618.0
6.0
-35.0
-49.0
-56.0
10.0
10.0
-54.0
-13.0
-46.0
-4.0
547.0
11.0
-39.0
-63.0
-21.0
-54.0
285.0
-29.0
164.0
-22.0
28.0
-70.0
50.0
133.0
-15.0
16.0
25.0
346.0
730.0
142.0
-127.0
111.0
13.0
-35.0
-23.0
13.0
-39.0
-46.0
12.0
82.0
-65.0
136.0
562.0
131.0
243.0
-34.0
32.0
229.0
-131.0
43.0
-140.0
43.0
164.0
84.0
-134.0
-80.0
279.0
3.0
90.0
433.0
241.0
93.0
-36.0
238.0
38.0
-45.0
26.0
231.0
352.0
10.0
-73.0
-30.0
232.0
-46.0
348.0
16.0
-5.0
607.0
276.0
-119.0
253.0
-104.0
-37.0
-57.0
325.0
5.0
-132.0
118.0
-6.0
-28.0
654.0
-33.0
-19.0
27.0
690.0
44.0
-2.0
-30.0
-46.0
-69.0
-84.0
69.0
-54.0
-58.0
-67.0
-80.0
-44.0
-123.0
-45.0
474.0
236.0
41.0
410.0
-47.0
211.0
-52.0
93.0
658.0
63.0
143.0
