22.08
14.94
20.54
16.57
14.56
94.22
43.49
19.16
9.44
68.56
66.88
32.64
17.62
36.22
15.01
16.27
92.4
44.45
12.12
21.01
82.02
73.64
30.79
68.86
94.75
95.73
17.56
22.53
20.44
75.52
35.26
109.1
10.02
20.04
6.81
26.03
18.58
13.42
23.0
55.53
67.92
12.52
15.33
16.96
83.34
34.24
11.91
7.79
28.28
28.67
74.25
29.33
20.68
95.9
23.31
18.37
33.41
56.31
42.64
7.18
18.36
9.42
23.94
21.62
69.69
39.82
70.29
28.31
15.88
57.28
59.67
42.12
81.84
64.71
25.36
72.99
27.27
21.43
16.48
94.8
60.7
47.86
16.91
32.55
26.64
22.64
18.98
51.24
9.25
17.8
34.4
14.43
18.29
9.44
8.02
28.3
40.91
27.56
61.78
112.98
39.35
20.44
77.27
60.73
32.01
66.47
41.08
87.17
32.61
107.13
11.54
67.78
40.19
39.24
18.7
108.22
37.17
152.87
18.37
20.47
22.49
16.74
40.53
48.26
27.12
26.24
23.07
116.77
22.56
29.11
11.31
47.5
21.71
11.33
15.8
15.92
22.82
27.97
23.12
22.58
37.75
13.0
29.58
62.91
17.13
23.8
94.72
18.83
20.13
73.44
46.93
18.82
31.76
22.14
80.98
11.97
91.4
29.36
83.13
21.27
24.63
33.67
88.56
21.97
42.41
17.59
12.78
19.97
11.58
24.66
36.85
25.83
20.86
27.92
48.63
21.15
12.18
44.77
13.22
8.22
14.38
26.87
18.41
30.07
31.41
16.92
34.76
18.02
23.35
17.4
27.06
17.02
45.23
28.33
22.14
16.55
21.88
25.42
47.43
6.99
18.78
40.89
59.69
25.67
12.39
22.34
36.85
22.96
76.89
27.65
15.91
13.66
20.27
23.55
21.28
28.07
22.94
16.78
8.89
8.66
7.61
16.38
12.15
34.18
38.67
25.44
10.11
19.02
15.94
19.33
74.06
99.08
48.89
18.45
14.42
14.09
21.52
18.86
9.71
26.12
40.23
18.19
13.65
18.83
35.85
79.87
19.58
28.17
30.41
27.21
41.0
26.46
25.28
18.59
25.87
23.89
45.07
11.38
18.63
14.33
22.7
114.61
25.4
10.73
16.39
26.87
15.56
26.36
7.7
24.87
48.04
29.16
25.07
102.71
13.46
97.01
37.52
99.12
21.77
22.7
16.93
88.18
40.97
22.61
63.92
111.56
15.36
33.63
27.76
20.14
22.05
59.44
30.89
86.94
61.69
24.18
17.84
31.88
17.54
16.05
18.14
65.79
17.88
17.04
49.27
26.21
23.18
28.04
28.79
21.34
35.22
42.92
34.35
40.62
15.93
28.11
25.24
22.41
26.79
12.94
37.89
9.06
19.89
104.93
51.57
42.68
112.56
49.55
11.97
7.31
16.63
17.97
11.11
18.08
30.37
124.33
19.7
23.72
27.8
23.84
30.86
131.97
15.4
12.86
24.3
35.69
32.55
39.89
17.14
37.16
29.05
44.56
28.75
9.8
32.85
9.93
13.39
133.05
121.93
52.25
105.29
46.87
70.08
35.9
26.87
55.15
58.98
21.3
7.52
9.49
19.95
31.83
27.77
19.49
8.63
30.77
110.71
23.14
9.08
25.63
62.95
23.94
18.4
57.87
15.54
16.73
118.5
41.97
23.24
106.05
39.89
28.14
17.51
23.57
9.26
10.87
18.45
8.65
20.07
24.16
95.07
29.79
31.64
10.88
84.34
38.0
30.1
21.06
29.51
12.16
8.78
50.87
43.35
13.5
44.45
14.33
84.84
26.52
112.51
33.63
13.25
20.0
140.24
25.92
37.25
112.05
31.2
50.73
53.2
15.45
29.27
97.73
28.92
18.0
156.41
129.22
10.06
27.08
39.51
34.23
50.22
11.28
10.95
109.5
42.2
16.34
46.08
15.84
17.34
41.73
7.85
17.31
101.74
25.48
17.26
23.08
119.65
110.28
40.24
21.95
6.31
134.43
131.92
88.69
18.55
100.07
10.84
104.15
67.1
43.89
122.37
125.12
32.89
154.2
18.63
128.96
38.44
93.77
27.11
14.32
44.1
32.35
34.89
47.74
90.08
20.16
22.19
24.59
12.24
52.24
9.22
40.36
12.46
79.33
26.62
21.33
91.58
38.6
15.55
36.79
94.25
38.81
30.15
30.39
96.84
47.79
16.83
99.11
9.28
33.12
98.61
42.2
27.78
51.62
71.67
31.89
76.25
84.42
43.93
23.68
9.23
15.52
34.76
77.18
12.76
25.65
32.56
41.18
30.78
12.32
13.41
36.41
111.03
28.84
8.65
140.09
36.38
9.05
27.45
105.95
31.77
11.7
137.0
113.32
42.38
66.36
37.9
88.22
55.46
14.89
33.63
10.31
8.79
68.6
21.6
62.13
48.54
45.16
32.18
31.59
20.04
82.34
44.9
137.4
27.5
17.92
29.45
40.46
16.25
53.33
48.57
92.46
45.89
75.5
29.81
139.28
47.96
42.08
9.29
40.88
20.57
93.62
44.35
39.2
44.39
27.37
89.24
30.6
10.17
7.99
11.82
6.83
67.19
77.12
10.03
81.54
21.85
113.44
57.83
27.32
31.24
34.91
135.18
20.78
147.41
45.9
152.54
82.83
96.33
25.09
82.81
23.57
49.25
49.47
18.41
11.81
103.24
43.84
133.58
36.47
18.45
17.72
128.38
16.42
11.69
81.25
14.77
22.45
87.64
29.24
75.31
94.71
22.77
13.18
95.75
18.68
100.15
27.08
9.96
90.56
43.79
23.39
116.93
175.62
18.69
12.98
82.16
33.17
26.74
30.66
31.61
73.88
134.84
17.7
62.55
92.73
22.16
149.99
49.19
7.27
120.56
10.69
134.26
11.09
26.11
19.99
14.92
151.38
14.49
47.76
98.89
42.82
29.14
71.06
77.32
17.92
21.49
55.56
38.58
25.01
10.15
10.04
35.55
23.64
115.5
186.31
10.54
14.16
24.38
8.58
31.44
44.16
46.58
19.48
88.41
36.26
31.56
59.37
34.86
11.27
91.62
18.66
106.72
40.26
105.29
65.32
135.77
49.56
131.4
34.15
71.51
31.34
31.13
139.27
49.46
15.35
17.95
156.88
90.05
51.2
22.08
92.28
50.53
21.57
112.89
113.92
139.15
38.52
54.44
19.96
17.53
14.4
136.55
29.79
50.51
27.96
22.39
66.49
135.6
43.72
79.98
37.32
28.99
136.16
45.15
87.02
22.46
27.16
29.91
18.19
76.95
53.5
14.25
24.03
14.99
123.42
32.05
19.25
14.98
11.18
19.61
11.77
87.84
52.08
26.74
13.08
54.65
159.71
113.09
47.68
88.76
48.69
66.67
66.3
151.23
36.82
22.08
28.42
138.4
12.4
95.92
132.26
28.12
103.35
22.33
33.09
45.37
17.74
20.12
13.55
89.44
30.77
42.2
11.23
14.8
172.61
32.15
7.65
53.68
116.75
37.24
99.2
14.28
18.15
62.5
157.32
82.28
37.08
38.92
18.83
28.56
44.42
144.51
21.35
197.97
141.51
151.11
22.02
22.19
63.96
30.0
92.15
30.18
97.95
29.5
17.2
20.03
73.92
132.81
30.09
9.84
134.77
83.99
52.45
99.01
56.56
22.59
106.71
92.23
119.12
56.64
42.63
8.82
17.72
35.85
44.51
65.36
40.35
126.99
10.36
9.08
28.09
85.59
97.5
19.99
132.54
34.21
14.55
15.38
11.32
43.5
24.22
13.47
35.46
36.77
21.47
115.48
17.71
26.8
80.03
20.66
25.93
127.14
87.99
17.28
18.99
21.99
22.52
15.79
90.38
24.46
30.15
17.37
18.09
31.38
27.37
18.5
35.97
14.61
110.92
118.85
53.39
12.03
20.61
36.39
34.29
124.42
35.76
41.32
28.24
45.69
22.04
19.19
81.13
35.31
29.05
25.85
141.47
88.04
58.13
8.83
28.98
30.16
11.15
9.5
29.84
15.11
14.73
24.2
28.9
19.32
23.56
132.49
79.76
46.13
12.43
21.31
82.86
10.31
15.16
11.71
19.17
74.7
36.15
11.32
25.54
70.34
32.29
48.64
130.05
104.64
34.39
60.77
74.65
81.64
35.73
24.33
54.74
76.8
23.45
17.99
12.14
110.61
15.33
103.69
29.53
30.98
116.3
68.77
5.25
104.66
31.27
13.57
17.97
81.35
29.35
10.01
29.15
33.72
29.88
104.56
40.97
8.36
24.29
100.15
19.03
31.35
39.09
39.85
16.59
26.08
37.51
16.72
20.29
22.74
24.19
14.43
7.15
14.48
119.93
82.04
19.71
88.48
15.05
58.57
17.75
34.04
108.36
39.88
37.52
